# /lscratch1/kbferre/app-traces/mutrino/hpcg/128/rank-000.txt
 delta	 tstmp
892498	 1503712544976281
8970156	 1503712553946437
1092645	 1503712555039082
118736	 1503712555157818
180642	 1503712555338460
21591	 1503712555360051
2509	 1503712555362560
414	 1503712555362974
1337010	 1503712556699984
989933	 1503712557689917
181587	 1503712557871504
22493	 1503712557893997
963777	 1503712558857774
189213	 1503712559046987
22276	 1503712559069263
963757	 1503712560033020
188864	 1503712560221884
22881	 1503712560244765
963612	 1503712561208377
185955	 1503712561394332
22402	 1503712561416734
964367	 1503712562381101
187864	 1503712562568965
23531	 1503712562592496
963759	 1503712563556255
189033	 1503712563745288
23067	 1503712563768355
964695	 1503712564733050
189003	 1503712564922053
23056	 1503712564945109
964347	 1503712565909456
188861	 1503712566098317
23249	 1503712566121566
964506	 1503712567086072
189333	 1503712567275405
22225	 1503712567297630
964417	 1503712568262047
188863	 1503712568450910
22493	 1503712568473403
964280	 1503712569437683
188689	 1503712569626372
22904	 1503712569649276
963858	 1503712570613134
189272	 1503712570802406
21956	 1503712570824362
964019	 1503712571788381
189153	 1503712571977534
22253	 1503712571999787
964251	 1503712572964038
188936	 1503712573152974
21993	 1503712573174967
963528	 1503712574138495
188421	 1503712574326916
22576	 1503712574349492
964398	 1503712575313890
188578	 1503712575502468
22099	 1503712575524567
964469	 1503712576489036
188335	 1503712576677371
22179	 1503712576699550
963663	 1503712577663213
189058	 1503712577852271
22722	 1503712577874993
964177	 1503712578839170
188282	 1503712579027452
23087	 1503712579050539
963334	 1503712580013873
189316	 1503712580203189
21984	 1503712580225173
963973	 1503712581189146
189175	 1503712581378321
22262	 1503712581400583
964122	 1503712582364705
188084	 1503712582552789
22434	 1503712582575223
963680	 1503712583538903
189244	 1503712583728147
22379	 1503712583750526
964325	 1503712584714851
188525	 1503712584903376
22676	 1503712584926052
966366	 1503712585892418
188311	 1503712586080729
22370	 1503712586103099
963757	 1503712587066856
188818	 1503712587255674
22093	 1503712587277767
963823	 1503712588241590
188330	 1503712588429920
22195	 1503712588452115
963800	 1503712589415915
187230	 1503712589603145
23667	 1503712589626812
964014	 1503712590590826
189396	 1503712590780222
21247	 1503712590801469
963696	 1503712591765165
189422	 1503712591954587
22090	 1503712591976677
963856	 1503712592940533
188862	 1503712593129395
21962	 1503712593151357
963365	 1503712594114722
189155	 1503712594303877
22588	 1503712594326465
964093	 1503712595290558
188511	 1503712595479069
22260	 1503712595501329
963657	 1503712596464986
188309	 1503712596653295
22343	 1503712596675638
963985	 1503712597639623
189303	 1503712597828926
22207	 1503712597851133
963596	 1503712598814729
189445	 1503712599004174
21850	 1503712599026024
964297	 1503712599990321
190868	 1503712600181189
23879	 1503712600205068
965555	 1503712601170623
187950	 1503712601358573
22218	 1503712601380791
964057	 1503712602344848
188384	 1503712602533232
22646	 1503712602555878
963620	 1503712603519498
188939	 1503712603708437
22142	 1503712603730579
963951	 1503712604694530
188724	 1503712604883254
22471	 1503712604905725
964149	 1503712605869874
188734	 1503712606058608
22560	 1503712606081168
963135	 1503712607044303
189285	 1503712607233588
21931	 1503712607255519
963890	 1503712608219409
188674	 1503712608408083
22699	 1503712608430782
964172	 1503712609394954
188442	 1503712609583396
21589	 1503712609604985
963563	 1503712610568548
190364	 1503712610758912
20845	 1503712610779757
964118	 1503712611743875
188775	 1503712611932650
22317	 1503712611954967
964111	 1503712612919078
188914	 1503712613107992
21153	 1503712613129145
963858	 1503712614093003
189572	 1503712614282575
21139	 1503712614303714
978071	 1503712615281785
189143	 1503712615470928
21907	 1503712615492835
279253	 1503712615772088
20742	 1503712615792830
171558	 1503712615964388
18625	 1503712615983013
10985	 1503712615993998
178822	 1503712616172820
17572	 1503712616190392
10998	 1503712616201390
178778	 1503712616380168
17572	 1503712616397740
10981	 1503712616408721
178941	 1503712616587662
17708	 1503712616605370
10980	 1503712616616350
179058	 1503712616795408
17399	 1503712616812807
10842	 1503712616823649
179101	 1503712617002750
17715	 1503712617020465
10879	 1503712617031344
179022	 1503712617210366
17289	 1503712617227655
10912	 1503712617238567
178678	 1503712617417245
17752	 1503712617434997
10903	 1503712617445900
179367	 1503712617625267
17649	 1503712617642916
10932	 1503712617653848
179097	 1503712617832945
17917	 1503712617850862
10885	 1503712617861747
179116	 1503712618040863
17500	 1503712618058363
188737	 1503712618247100
19696	 1503712618266796
171801	 1503712618438597
18355	 1503712618456952
10863	 1503712618467815
179103	 1503712618646918
17690	 1503712618664608
10953	 1503712618675561
179337	 1503712618854898
17641	 1503712618872539
10844	 1503712618883383
179154	 1503712619062537
17778	 1503712619080315
10933	 1503712619091248
179099	 1503712619270347
17431	 1503712619287778
10946	 1503712619298724
178920	 1503712619477644
18019	 1503712619495663
10824	 1503712619506487
179020	 1503712619685507
17671	 1503712619703178
10925	 1503712619714103
178966	 1503712619893069
17674	 1503712619910743
10938	 1503712619921681
178716	 1503712620100397
17734	 1503712620118131
10986	 1503712620129117
178640	 1503712620307757
17921	 1503712620325678
10886	 1503712620336564
178629	 1503712620515193
17976	 1503712620533169
189288	 1503712620722457
980036	 1503712621702493
178236	 1503712621880729
17955	 1503712621898684
973218	 1503712622871902
184050	 1503712623055952
17583	 1503712623073535
188820	 1503712623262355
981354	 1503712624243709
176683	 1503712624420392
18371	 1503712624438763
975116	 1503712625413879
185561	 1503712625599440
18001	 1503712625617441
106616	 1503712625724057
170552	 1503712625894609
3667	 1503712625898276
171184	 1503712626069460
966085	 1503712627035545
977444	 1503712628012989
189046	 1503712628202035
173494	 1503712628375529
202366	 1503712628577895
976479	 1503712629554374
182733	 1503712629737107
22536	 1503712629759643
962873	 1503712630722516
188482	 1503712630910998
22524	 1503712630933522
962896	 1503712631896418
188905	 1503712632085323
22623	 1503712632107946
962444	 1503712633070390
189764	 1503712633260154
21962	 1503712633282116
962268	 1503712634244384
186324	 1503712634430708
22018	 1503712634452726
962498	 1503712635415224
185037	 1503712635600261
22564	 1503712635622825
962496	 1503712636585321
184925	 1503712636770246
22194	 1503712636792440
962642	 1503712637755082
184993	 1503712637940075
22026	 1503712637962101
962439	 1503712638924540
185118	 1503712639109658
22858	 1503712639132516
963288	 1503712640095804
185270	 1503712640281074
21982	 1503712640303056
963381	 1503712641266437
185468	 1503712641451905
21346	 1503712641473251
964244	 1503712642437495
185169	 1503712642622664
21502	 1503712642644166
963622	 1503712643607788
185092	 1503712643792880
21928	 1503712643814808
962585	 1503712644777393
185082	 1503712644962475
22759	 1503712644985234
972393	 1503712645957627
180018	 1503712646137645
18115	 1503712646155760
983701	 1503712647139461
179787	 1503712647319248
17216	 1503712647336464
988626	 1503712648325090
179159	 1503712648504249
16246	 1503712648520495
971987	 1503712649492482
178621	 1503712649671103
16518	 1503712649687621
970674	 1503712650658295
179314	 1503712650837609
15606	 1503712650853215
970598	 1503712651823813
178813	 1503712652002626
16530	 1503712652019156
970073	 1503712652989229
179267	 1503712653168496
16166	 1503712653184662
970981	 1503712654155643
179174	 1503712654334817
16263	 1503712654351080
970836	 1503712655321916
178456	 1503712655500372
16410	 1503712655516782
970514	 1503712656487296
178162	 1503712656665458
16724	 1503712656682182
968624	 1503712657650806
178437	 1503712657829243
16683	 1503712657845926
969414	 1503712658815340
178578	 1503712658993918
16483	 1503712659010401
970526	 1503712659980927
179171	 1503712660160098
16204	 1503712660176302
972137	 1503712661148439
179006	 1503712661327445
16257	 1503712661343702
969958	 1503712662313660
178741	 1503712662492401
16534	 1503712662508935
969664	 1503712663478599
178318	 1503712663656917
16583	 1503712663673500
970262	 1503712664643762
179091	 1503712664822853
16165	 1503712664839018
969576	 1503712665808594
178718	 1503712665987312
16406	 1503712666003718
969762	 1503712666973480
178788	 1503712667152268
16443	 1503712667168711
97	 1503712667168808
188746	 1503712667357554
976992	 1503712668334546
172242	 1503712668506788
16448	 1503712668523236
970220	 1503712669493456
177918	 1503712669671374
16980	 1503712669688354
969233	 1503712670657587
179089	 1503712670836676
16069	 1503712670852745
969702	 1503712671822447
178671	 1503712672001118
16221	 1503712672017339
970091	 1503712672987430
178993	 1503712673166423
16478	 1503712673182901
969432	 1503712674152333
179033	 1503712674331366
16057	 1503712674347423
969668	 1503712675317091
178424	 1503712675495515
16394	 1503712675511909
978709	 1503712676490618
181113	 1503712676671731
18169	 1503712676689900
969111	 1503712677659011
178846	 1503712677837857
17465	 1503712677855322
969550	 1503712678824872
178218	 1503712679003090
18200	 1503712679021290
969205	 1503712679990495
178842	 1503712680169337
16676	 1503712680186013
969055	 1503712681155068
178832	 1503712681333900
17044	 1503712681350944
969619	 1503712682320563
178546	 1503712682499109
17762	 1503712682516871
969648	 1503712683486519
178774	 1503712683665293
17471	 1503712683682764
968347	 1503712684651111
179022	 1503712684830133
17509	 1503712684847642
969194	 1503712685816836
178888	 1503712685995724
17045	 1503712686012769
969546	 1503712686982315
178724	 1503712687161039
17259	 1503712687178298
969332	 1503712688147630
178966	 1503712688326596
16631	 1503712688343227
969323	 1503712689312550
178759	 1503712689491309
17245	 1503712689508554
969905	 1503712690478459
178484	 1503712690656943
17638	 1503712690674581
976448	 1503712691651029
179083	 1503712691830112
19295	 1503712691849407
980972	 1503712692830379
183307	 1503712693013686
17108	 1503712693030794
984771	 1503712694015565
179130	 1503712694194695
17085	 1503712694211780
971826	 1503712695183606
180854	 1503712695364460
17236	 1503712695381696
971468	 1503712696353164
181036	 1503712696534200
17354	 1503712696551554
971866	 1503712697523420
180336	 1503712697703756
17210	 1503712697720966
971536	 1503712698692502
180982	 1503712698873484
17245	 1503712698890729
971630	 1503712699862359
180504	 1503712700042863
17081	 1503712700059944
971093	 1503712701031037
179934	 1503712701210971
17186	 1503712701228157
970194	 1503712702198351
180890	 1503712702379241
16984	 1503712702396225
970125	 1503712703366350
180849	 1503712703547199
17129	 1503712703564328
970763	 1503712704535091
178908	 1503712704713999
17717	 1503712704731716
973356	 1503712705705072
185643	 1503712705890715
17690	 1503712705908405
972050	 1503712706880455
185260	 1503712707065715
17848	 1503712707083563
971533	 1503712708055096
185647	 1503712708240743
17031	 1503712708257774
971480	 1503712709229254
185763	 1503712709415017
17447	 1503712709432464
972087	 1503712710404551
185159	 1503712710589710
17306	 1503712710607016
971446	 1503712711578462
184109	 1503712711762571
17975	 1503712711780546
971528	 1503712712752074
185146	 1503712712937220
17943	 1503712712955163
971360	 1503712713926523
185811	 1503712714112334
18159	 1503712714130493
972060	 1503712715102553
185211	 1503712715287764
17595	 1503712715305359
970755	 1503712716276114
186037	 1503712716462151
17641	 1503712716479792
971988	 1503712717451780
185219	 1503712717636999
17375	 1503712717654374
971094	 1503712718625468
184935	 1503712718810403
17733	 1503712718828136
971461	 1503712719799597
185010	 1503712719984607
18089	 1503712720002696
971167	 1503712720973863
186103	 1503712721159966
17656	 1503712721177622
971273	 1503712722148895
186047	 1503712722334942
17595	 1503712722352537
971246	 1503712723323783
185548	 1503712723509331
17622	 1503712723526953
972024	 1503712724498977
184452	 1503712724683429
18078	 1503712724701507
971807	 1503712725673314
185071	 1503712725858385
18010	 1503712725876395
1634	 1503712725878029
1668	 1503712725879697
9	 1503712725879706
