# /lscratch1/kbferre/app-traces/mutrino/lulesh/125/rank-000.txt
 delta	 tstmp
33825	 1503728493800238
23122	 1503728493823360
20073	 1503728493843433
19703	 1503728493863136
19904	 1503728493883040
20128	 1503728493903168
20094	 1503728493923262
19784	 1503728493943046
19776	 1503728493962822
20232	 1503728493983054
19815	 1503728494002869
20051	 1503728494022920
20173	 1503728494043093
19997	 1503728494063090
19898	 1503728494082988
19591	 1503728494102579
17570	 1503728494120149
18999	 1503728494139148
18890	 1503728494158038
19028	 1503728494177066
19963	 1503728494197029
21049	 1503728494218078
18316	 1503728494236394
19606	 1503728494256000
19623	 1503728494275623
20209	 1503728494295832
19451	 1503728494315283
19955	 1503728494335238
19988	 1503728494355226
21769	 1503728494376995
19900	 1503728494396895
17798	 1503728494414693
21118	 1503728494435811
18242	 1503728494454053
19655	 1503728494473708
20222	 1503728494493930
19355	 1503728494513285
18839	 1503728494532124
19766	 1503728494551890
19064	 1503728494570954
19576	 1503728494590530
19403	 1503728494609933
19187	 1503728494629120
20307	 1503728494649427
18631	 1503728494668058
18739	 1503728494686797
19735	 1503728494706532
19507	 1503728494726039
21702	 1503728494747741
19084	 1503728494766825
17370	 1503728494784195
21415	 1503728494805610
19520	 1503728494825130
17108	 1503728494842238
19417	 1503728494861655
19460	 1503728494881115
19158	 1503728494900273
19287	 1503728494919560
19518	 1503728494939078
19107	 1503728494958185
21076	 1503728494979261
16859	 1503728494996120
19902	 1503728495016022
20257	 1503728495036279
17487	 1503728495053766
19272	 1503728495073038
21676	 1503728495094714
17060	 1503728495111774
19165	 1503728495130939
19423	 1503728495150362
19033	 1503728495169395
18947	 1503728495188342
19666	 1503728495208008
18588	 1503728495226596
19280	 1503728495245876
18974	 1503728495264850
19347	 1503728495284197
19041	 1503728495303238
18980	 1503728495322218
21032	 1503728495343250
17945	 1503728495361195
18196	 1503728495379391
20686	 1503728495400077
17050	 1503728495417127
19004	 1503728495436131
19025	 1503728495455156
18996	 1503728495474152
19186	 1503728495493338
19880	 1503728495513218
17960	 1503728495531178
18487	 1503728495549665
19684	 1503728495569349
18869	 1503728495588218
18752	 1503728495606970
18982	 1503728495625952
20163	 1503728495646115
17444	 1503728495663559
18901	 1503728495682460
18596	 1503728495701056
18612	 1503728495719668
19093	 1503728495738761
18761	 1503728495757522
18349	 1503728495775871
19019	 1503728495794890
18704	 1503728495813594
19032	 1503728495832626
18349	 1503728495850975
18529	 1503728495869504
18338	 1503728495887842
19044	 1503728495906886
18311	 1503728495925197
19046	 1503728495944243
24813	 1503728495969056
18576	 1503728495987632
18189	 1503728496005821
18901	 1503728496024722
17961	 1503728496042683
19152	 1503728496061835
18348	 1503728496080183
18906	 1503728496099089
18123	 1503728496117212
18439	 1503728496135651
18868	 1503728496154519
18430	 1503728496172949
18574	 1503728496191523
18433	 1503728496209956
18523	 1503728496228479
18355	 1503728496246834
18463	 1503728496265297
18504	 1503728496283801
18098	 1503728496301899
18701	 1503728496320600
18188	 1503728496338788
18500	 1503728496357288
18441	 1503728496375729
17191	 1503728496392920
18335	 1503728496411255
18374	 1503728496429629
18440	 1503728496448069
18349	 1503728496466418
18395	 1503728496484813
18539	 1503728496503352
18350	 1503728496521702
18510	 1503728496540212
18376	 1503728496558588
18333	 1503728496576921
18391	 1503728496595312
18515	 1503728496613827
18624	 1503728496632451
18512	 1503728496650963
18455	 1503728496669418
17976	 1503728496687394
14425	 1503728496701819
17687	 1503728496719506
17733	 1503728496737239
17611	 1503728496754850
17636	 1503728496772486
17552	 1503728496790038
17806	 1503728496807844
17645	 1503728496825489
17575	 1503728496843064
17689	 1503728496860753
17483	 1503728496878236
17719	 1503728496895955
17607	 1503728496913562
17803	 1503728496931365
16428	 1503728496947793
22253	 1503728496970046
13426	 1503728496983472
11502	 1503728496994974
11477	 1503728497006451
11733	 1503728497018184
11332	 1503728497029516
11634	 1503728497041150
11411	 1503728497052561
11536	 1503728497064097
11603	 1503728497075700
11394	 1503728497087094
11796	 1503728497098890
11619	 1503728497110509
11556	 1503728497122065
11615	 1503728497133680
11587	 1503728497145267
11575	 1503728497156842
11579	 1503728497168421
11555	 1503728497179976
11610	 1503728497191586
11704	 1503728497203290
11664	 1503728497214954
11663	 1503728497226617
11674	 1503728497238291
11414	 1503728497249705
11503	 1503728497261208
11528	 1503728497272736
11520	 1503728497284256
11503	 1503728497295759
11519	 1503728497307278
11362	 1503728497318640
11326	 1503728497329966
11539	 1503728497341505
11346	 1503728497352851
11344	 1503728497364195
11533	 1503728497375728
11357	 1503728497387085
11277	 1503728497398362
11533	 1503728497409895
11250	 1503728497421145
11437	 1503728497432582
11383	 1503728497443965
11412	 1503728497455377
11259	 1503728497466636
11262	 1503728497477898
11336	 1503728497489234
11294	 1503728497500528
11394	 1503728497511922
11330	 1503728497523252
11342	 1503728497534594
11284	 1503728497545878
11299	 1503728497557177
11330	 1503728497568507
11345	 1503728497579852
11304	 1503728497591156
11298	 1503728497602454
11337	 1503728497613791
28885	 1503728497642676
23482	 1503728497666158
15270	 1503728497681428
15270	 1503728497696698
15444	 1503728497712142
14838	 1503728497726980
14697	 1503728497741677
14727	 1503728497756404
14763	 1503728497771167
14768	 1503728497785935
14765	 1503728497800700
14758	 1503728497815458
14780	 1503728497830238
14740	 1503728497844978
14736	 1503728497859714
14761	 1503728497874475
15531	 1503728497890006
15230	 1503728497905236
14784	 1503728497920020
14794	 1503728497934814
14765	 1503728497949579
14799	 1503728497964378
14762	 1503728497979140
14756	 1503728497993896
14809	 1503728498008705
14741	 1503728498023446
14776	 1503728498038222
14778	 1503728498053000
14836	 1503728498067836
14820	 1503728498082656
14714	 1503728498097370
14779	 1503728498112149
14817	 1503728498126966
14776	 1503728498141742
14762	 1503728498156504
14819	 1503728498171323
14900	 1503728498186223
14900	 1503728498201123
14851	 1503728498215974
14900	 1503728498230874
14792	 1503728498245666
14903	 1503728498260569
14868	 1503728498275437
14919	 1503728498290356
14841	 1503728498305197
14947	 1503728498320144
14855	 1503728498334999
14755	 1503728498349754
14834	 1503728498364588
14960	 1503728498379548
14880	 1503728498394428
14790	 1503728498409218
14924	 1503728498424142
14943	 1503728498439085
14749	 1503728498453834
14854	 1503728498468688
15033	 1503728498483721
14841	 1503728498498562
14827	 1503728498513389
14884	 1503728498528273
14886	 1503728498543159
14902	 1503728498558061
14854	 1503728498572915
14879	 1503728498587794
14827	 1503728498602621
14851	 1503728498617472
14874	 1503728498632346
14852	 1503728498647198
14862	 1503728498662060
14875	 1503728498676935
14906	 1503728498691841
14815	 1503728498706656
14866	 1503728498721522
14895	 1503728498736417
14866	 1503728498751283
14909	 1503728498766192
14871	 1503728498781063
14827	 1503728498795890
14862	 1503728498810752
14802	 1503728498825554
14936	 1503728498840490
14853	 1503728498855343
14916	 1503728498870259
14836	 1503728498885095
14898	 1503728498899993
14888	 1503728498914881
14885	 1503728498929766
14819	 1503728498944585
14924	 1503728498959509
14853	 1503728498974362
14866	 1503728498989228
14836	 1503728499004064
14963	 1503728499019027
14869	 1503728499033896
14911	 1503728499048807
14920	 1503728499063727
14910	 1503728499078637
14921	 1503728499093558
14899	 1503728499108457
14909	 1503728499123366
14896	 1503728499138262
14915	 1503728499153177
14950	 1503728499168127
14895	 1503728499183022
14823	 1503728499197845
14915	 1503728499212760
14919	 1503728499227679
14897	 1503728499242576
14924	 1503728499257500
21126	 1503728499278626
14954	 1503728499293580
33119	 1503728499326699
20965	 1503728499347664
21359	 1503728499369023
20120	 1503728499389143
17549	 1503728499406692
17543	 1503728499424235
17540	 1503728499441775
17793	 1503728499459568
17417	 1503728499476985
17537	 1503728499494522
17593	 1503728499512115
17411	 1503728499529526
17620	 1503728499547146
17571	 1503728499564717
17439	 1503728499582156
17587	 1503728499599743
17302	 1503728499617045
17498	 1503728499634543
17500	 1503728499652043
17284	 1503728499669327
17437	 1503728499686764
17543	 1503728499704307
17384	 1503728499721691
17489	 1503728499739180
17426	 1503728499756606
17406	 1503728499774012
17405	 1503728499791417
17417	 1503728499808834
17466	 1503728499826300
17417	 1503728499843717
17387	 1503728499861104
17404	 1503728499878508
17506	 1503728499896014
17173	 1503728499913187
17467	 1503728499930654
17241	 1503728499947895
17275	 1503728499965170
17375	 1503728499982545
17298	 1503728499999843
17169	 1503728500017012
17478	 1503728500034490
17259	 1503728500051749
17205	 1503728500068954
17149	 1503728500086103
17332	 1503728500103435
17153	 1503728500120588
17208	 1503728500137796
17373	 1503728500155169
17291	 1503728500172460
17154	 1503728500189614
17297	 1503728500206911
17247	 1503728500224158
17204	 1503728500241362
17290	 1503728500258652
17326	 1503728500275978
17143	 1503728500293121
17309	 1503728500310430
17313	 1503728500327743
17125	 1503728500344868
17326	 1503728500362194
17310	 1503728500379504
17268	 1503728500396772
17238	 1503728500414010
17352	 1503728500431362
17098	 1503728500448460
17444	 1503728500465904
17216	 1503728500483120
17317	 1503728500500437
17150	 1503728500517587
17324	 1503728500534911
17254	 1503728500552165
17323	 1503728500569488
17229	 1503728500586717
17261	 1503728500603978
17207	 1503728500621185
17208	 1503728500638393
17338	 1503728500655731
17206	 1503728500672937
17293	 1503728500690230
17230	 1503728500707460
17258	 1503728500724718
17186	 1503728500741904
17366	 1503728500759270
17163	 1503728500776433
17173	 1503728500793606
17267	 1503728500810873
17320	 1503728500828193
17144	 1503728500845337
17312	 1503728500862649
17236	 1503728500879885
17181	 1503728500897066
17365	 1503728500914431
17350	 1503728500931781
17232	 1503728500949013
17274	 1503728500966287
17152	 1503728500983439
17298	 1503728501000737
17233	 1503728501017970
17244	 1503728501035214
17215	 1503728501052429
17333	 1503728501069762
17119	 1503728501086881
17377	 1503728501104258
17206	 1503728501121464
17338	 1503728501138802
17274	 1503728501156076
17146	 1503728501173222
17432	 1503728501190654
17186	 1503728501207840
17336	 1503728501225176
17338	 1503728501242514
17247	 1503728501259761
17290	 1503728501277051
17273	 1503728501294324
20823	 1503728501315147
28286	 1503728501343433
15366	 1503728501358799
17337	 1503728501376136
17368	 1503728501393504
17353	 1503728501410857
17340	 1503728501428197
17320	 1503728501445517
17164	 1503728501462681
17433	 1503728501480114
17138	 1503728501497252
17236	 1503728501514488
17427	 1503728501531915
17173	 1503728501549088
17332	 1503728501566420
17312	 1503728501583732
17262	 1503728501600994
17197	 1503728501618191
17459	 1503728501635650
17130	 1503728501652780
17338	 1503728501670118
17176	 1503728501687294
17299	 1503728501704593
17207	 1503728501721800
17337	 1503728501739137
17303	 1503728501756440
17135	 1503728501773575
17396	 1503728501790971
17186	 1503728501808157
17216	 1503728501825373
29875	 1503728501855248
17332	 1503728501872580
17156	 1503728501889736
20315	 1503728501910051
25318	 1503728501935369
15080	 1503728501950449
17270	 1503728501967719
21129	 1503728501988848
26859	 1503728502015707
17177	 1503728502032884
17248	 1503728502050132
17232	 1503728502067364
17324	 1503728502084688
17179	 1503728502101867
17384	 1503728502119251
17249	 1503728502136500
17088	 1503728502153588
17441	 1503728502171029
17304	 1503728502188333
17116	 1503728502205449
17401	 1503728502222850
18142	 1503728502240992
17365	 1503728502258357
17279	 1503728502275636
21944	 1503728502297580
17440	 1503728502315020
17052	 1503728502332072
17233	 1503728502349305
17311	 1503728502366616
17313	 1503728502383929
17303	 1503728502401232
17356	 1503728502418588
17231	 1503728502435819
17353	 1503728502453172
17264	 1503728502470436
17272	 1503728502487708
17222	 1503728502504930
17374	 1503728502522304
17295	 1503728502539599
17234	 1503728502556833
17252	 1503728502574085
17295	 1503728502591380
17393	 1503728502608773
17189	 1503728502625962
17342	 1503728502643304
17260	 1503728502660564
17215	 1503728502677779
17251	 1503728502695030
17287	 1503728502712317
17317	 1503728502729634
17213	 1503728502746847
17332	 1503728502764179
17270	 1503728502781449
17406	 1503728502798855
17275	 1503728502816130
17068	 1503728502833198
17096	 1503728502850294
17194	 1503728502867488
17078	 1503728502884566
17080	 1503728502901646
17013	 1503728502918659
17124	 1503728502935783
17077	 1503728502952860
17150	 1503728502970010
17073	 1503728502987083
17029	 1503728503004112
16985	 1503728503021097
17138	 1503728503038235
17063	 1503728503055298
17132	 1503728503072430
16965	 1503728503089395
17043	 1503728503106438
17208	 1503728503123646
17110	 1503728503140756
17138	 1503728503157894
17001	 1503728503174895
17064	 1503728503191959
17100	 1503728503209059
17120	 1503728503226179
17066	 1503728503243245
17131	 1503728503260376
17099	 1503728503277475
16944	 1503728503294419
22027	 1503728503316446
15463	 1503728503331909
16809	 1503728503348718
17066	 1503728503365784
17097	 1503728503382881
17077	 1503728503399958
17007	 1503728503416965
17084	 1503728503434049
17127	 1503728503451176
17081	 1503728503468257
17061	 1503728503485318
17106	 1503728503502424
17157	 1503728503519581
17021	 1503728503536602
17172	 1503728503553774
17112	 1503728503570886
17006	 1503728503587892
17096	 1503728503604988
17012	 1503728503622000
17289	 1503728503639289
17074	 1503728503656363
16994	 1503728503673357
17141	 1503728503690498
17166	 1503728503707664
17142	 1503728503724806
17057	 1503728503741863
17138	 1503728503759001
17190	 1503728503776191
16973	 1503728503793164
17154	 1503728503810318
17117	 1503728503827435
17116	 1503728503844551
17081	 1503728503861632
17162	 1503728503878794
17145	 1503728503895939
17013	 1503728503912952
17050	 1503728503930002
17247	 1503728503947249
17061	 1503728503964310
17040	 1503728503981350
17056	 1503728503998406
17090	 1503728504015496
17115	 1503728504032611
17312	 1503728504049923
17042	 1503728504066965
17113	 1503728504084078
17049	 1503728504101127
17064	 1503728504118191
17237	 1503728504135428
17040	 1503728504152468
17012	 1503728504169480
17151	 1503728504186631
17166	 1503728504203797
17005	 1503728504220802
17126	 1503728504237928
17151	 1503728504255079
17193	 1503728504272272
17048	 1503728504289320
17033	 1503728504306353
17214	 1503728504323567
17094	 1503728504340661
17102	 1503728504357763
17229	 1503728504374992
17115	 1503728504392107
17128	 1503728504409235
17130	 1503728504426365
17039	 1503728504443404
17185	 1503728504460589
16992	 1503728504477581
17180	 1503728504494761
17046	 1503728504511807
17070	 1503728504528877
17118	 1503728504545995
17176	 1503728504563171
17180	 1503728504580351
17048	 1503728504597399
17179	 1503728504614578
17049	 1503728504631627
17072	 1503728504648699
17081	 1503728504665780
17207	 1503728504682987
17044	 1503728504700031
16974	 1503728504717005
17125	 1503728504734130
17115	 1503728504751245
17123	 1503728504768368
17052	 1503728504785420
17083	 1503728504802503
17150	 1503728504819653
17136	 1503728504836789
17080	 1503728504853869
17146	 1503728504871015
17055	 1503728504888070
17034	 1503728504905104
17104	 1503728504922208
17362	 1503728504939570
17114	 1503728504956684
17010	 1503728504973694
17099	 1503728504990793
17245	 1503728505008038
16950	 1503728505024988
17116	 1503728505042104
17107	 1503728505059211
17038	 1503728505076249
20192	 1503728505096441
17037	 1503728505113478
17135	 1503728505130613
17020	 1503728505147633
25628	 1503728505173261
22748	 1503728505196009
22603	 1503728505218612
15103	 1503728505233715
21566	 1503728505255281
26275	 1503728505281556
16672	 1503728505298228
15825	 1503728505314053
16961	 1503728505331014
16954	 1503728505347968
17085	 1503728505365053
17030	 1503728505382083
17229	 1503728505399312
16962	 1503728505416274
17059	 1503728505433333
17022	 1503728505450355
17115	 1503728505467470
17079	 1503728505484549
17037	 1503728505501586
17005	 1503728505518591
17121	 1503728505535712
17110	 1503728505552822
21255	 1503728505574077
17191	 1503728505591268
16976	 1503728505608244
16976	 1503728505625220
17087	 1503728505642307
16966	 1503728505659273
35977	 1503728505695250
17069	 1503728505712319
17081	 1503728505729400
17008	 1503728505746408
17111	 1503728505763519
20957	 1503728505784476
15117	 1503728505799593
17092	 1503728505816685
16971	 1503728505833656
17121	 1503728505850777
17056	 1503728505867833
17057	 1503728505884890
17122	 1503728505902012
16957	 1503728505918969
17176	 1503728505936145
17151	 1503728505953296
16887	 1503728505970183
17100	 1503728505987283
17074	 1503728506004357
16980	 1503728506021337
17030	 1503728506038367
19568	 1503728506057935
17019	 1503728506074954
17105	 1503728506092059
17014	 1503728506109073
17126	 1503728506126199
18556	 1503728506144755
17433	 1503728506162188
16037	 1503728506178225
17148	 1503728506195373
16986	 1503728506212359
17178	 1503728506229537
17083	 1503728506246620
17006	 1503728506263626
17143	 1503728506280769
16883	 1503728506297652
17102	 1503728506314754
17293	 1503728506332047
17024	 1503728506349071
17078	 1503728506366149
17178	 1503728506383327
16987	 1503728506400314
17136	 1503728506417450
16964	 1503728506434414
17230	 1503728506451644
16982	 1503728506468626
17037	 1503728506485663
17037	 1503728506502700
17137	 1503728506519837
16961	 1503728506536798
17070	 1503728506553868
17119	 1503728506570987
16880	 1503728506587867
17089	 1503728506604956
17038	 1503728506621994
17174	 1503728506639168
17058	 1503728506656226
17109	 1503728506673335
17012	 1503728506690347
17014	 1503728506707361
17089	 1503728506724450
17091	 1503728506741541
17087	 1503728506758628
17135	 1503728506775763
17042	 1503728506792805
17066	 1503728506809871
17113	 1503728506826984
16995	 1503728506843979
17135	 1503728506861114
17047	 1503728506878161
17135	 1503728506895296
17168	 1503728506912464
17082	 1503728506929546
16981	 1503728506946527
17119	 1503728506963646
17092	 1503728506980738
17025	 1503728506997763
17180	 1503728507014943
17149	 1503728507032092
16995	 1503728507049087
17114	 1503728507066201
17041	 1503728507083242
16978	 1503728507100220
17048	 1503728507117268
17077	 1503728507134345
17232	 1503728507151577
17151	 1503728507168728
17022	 1503728507185750
17062	 1503728507202812
22300	 1503728507225112
18934	 1503728507244046
14916	 1503728507258962
17113	 1503728507276075
17150	 1503728507293225
16999	 1503728507310224
17157	 1503728507327381
16968	 1503728507344349
17034	 1503728507361383
17150	 1503728507378533
17075	 1503728507395608
17054	 1503728507412662
17036	 1503728507429698
17027	 1503728507446725
17130	 1503728507463855
17114	 1503728507480969
16962	 1503728507497931
17147	 1503728507515078
17069	 1503728507532147
17100	 1503728507549247
16902	 1503728507566149
17166	 1503728507583315
16960	 1503728507600275
17034	 1503728507617309
17049	 1503728507634358
17098	 1503728507651456
17067	 1503728507668523
17137	 1503728507685660
17004	 1503728507702664
16952	 1503728507719616
17131	 1503728507736747
17093	 1503728507753840
17186	 1503728507771026
17193	 1503728507788219
16915	 1503728507805134
17086	 1503728507822220
17081	 1503728507839301
17136	 1503728507856437
17078	 1503728507873515
17103	 1503728507890618
17102	 1503728507907720
17079	 1503728507924799
17087	 1503728507941886
17044	 1503728507958930
17157	 1503728507976087
17051	 1503728507993138
19309	 1503728508012447
17118	 1503728508029565
17132	 1503728508046697
17032	 1503728508063729
17046	 1503728508080775
19699	 1503728508100474
18733	 1503728508119207
17522	 1503728508136729
17091	 1503728508153820
17037	 1503728508170857
16997	 1503728508187854
17042	 1503728508204896
16985	 1503728508221881
17172	 1503728508239053
17048	 1503728508256101
16991	 1503728508273092
17101	 1503728508290193
16961	 1503728508307154
17161	 1503728508324315
16980	 1503728508341295
17076	 1503728508358371
17119	 1503728508375490
16937	 1503728508392427
17021	 1503728508409448
17063	 1503728508426511
17031	 1503728508443542
17239	 1503728508460781
17009	 1503728508477790
17173	 1503728508494963
17084	 1503728508512047
16986	 1503728508529033
17166	 1503728508546199
17087	 1503728508563286
17104	 1503728508580390
16961	 1503728508597351
17112	 1503728508614463
17092	 1503728508631555
17043	 1503728508648598
17114	 1503728508665712
17154	 1503728508682866
17012	 1503728508699878
17031	 1503728508716909
17046	 1503728508733955
17069	 1503728508751024
16996	 1503728508768020
17044	 1503728508785064
17049	 1503728508802113
17164	 1503728508819277
16966	 1503728508836243
17056	 1503728508853299
17173	 1503728508870472
17029	 1503728508887501
17120	 1503728508904621
16916	 1503728508921537
17166	 1503728508938703
17128	 1503728508955831
16930	 1503728508972761
17196	 1503728508989957
16910	 1503728509006867
17083	 1503728509023950
17074	 1503728509041024
17097	 1503728509058121
17144	 1503728509075265
16938	 1503728509092203
17021	 1503728509109224
17170	 1503728509126394
23174	 1503728509149568
28352	 1503728509177920
15548	 1503728509193468
16901	 1503728509210369
17167	 1503728509227536
17103	 1503728509244639
16956	 1503728509261595
17168	 1503728509278763
17171	 1503728509295934
16994	 1503728509312928
17075	 1503728509330003
17154	 1503728509347157
17096	 1503728509364253
17029	 1503728509381282
17087	 1503728509398369
17157	 1503728509415526
17091	 1503728509432617
17176	 1503728509449793
17105	 1503728509466898
17164	 1503728509484062
17061	 1503728509501123
17096	 1503728509518219
17011	 1503728509535230
17257	 1503728509552487
17020	 1503728509569507
17175	 1503728509586682
17111	 1503728509603793
17081	 1503728509620874
17009	 1503728509637883
17088	 1503728509654971
17109	 1503728509672080
16953	 1503728509689033
17129	 1503728509706162
17086	 1503728509723248
17065	 1503728509740313
17132	 1503728509757445
17090	 1503728509774535
17095	 1503728509791630
17137	 1503728509808767
16914	 1503728509825681
17143	 1503728509842824
17194	 1503728509860018
16921	 1503728509876939
17207	 1503728509894146
17090	 1503728509911236
17083	 1503728509928319
17135	 1503728509945454
17168	 1503728509962622
16987	 1503728509979609
16972	 1503728509996581
17270	 1503728510013851
17080	 1503728510030931
17002	 1503728510047933
17032	 1503728510064965
17106	 1503728510082071
17253	 1503728510099324
16976	 1503728510116300
17010	 1503728510133310
17250	 1503728510150560
17171	 1503728510167731
24810	 1503728510192541
16838	 1503728510209379
17271	 1503728510226650
17019	 1503728510243669
17003	 1503728510260672
17083	 1503728510277755
19385	 1503728510297140
18449	 1503728510315589
21519	 1503728510337108
14528	 1503728510351636
17194	 1503728510368830
17140	 1503728510385970
16968	 1503728510402938
17013	 1503728510419951
21453	 1503728510441404
15170	 1503728510456574
16311	 1503728510472885
17112	 1503728510489997
17125	 1503728510507122
17003	 1503728510524125
17100	 1503728510541225
17249	 1503728510558474
16983	 1503728510575457
17113	 1503728510592570
17034	 1503728510609604
17082	 1503728510626686
17239	 1503728510643925
16920	 1503728510660845
17153	 1503728510677998
17053	 1503728510695051
17015	 1503728510712066
17159	 1503728510729225
17090	 1503728510746315
17102	 1503728510763417
16980	 1503728510780397
16942	 1503728510797339
17179	 1503728510814518
17105	 1503728510831623
17080	 1503728510848703
16939	 1503728510865642
17227	 1503728510882869
20906	 1503728510903775
17084	 1503728510920859
17107	 1503728510937966
17089	 1503728510955055
17122	 1503728510972177
16996	 1503728510989173
25790	 1503728511014963
22406	 1503728511037369
23347	 1503728511060716
16243	 1503728511076959
17413	 1503728511094372
17474	 1503728511111846
17548	 1503728511129394
18955	 1503728511148349
15141	 1503728511163490
18161	 1503728511181651
17279	 1503728511198930
16866	 1503728511215796
17097	 1503728511232893
17091	 1503728511249984
17028	 1503728511267012
17090	 1503728511284102
17080	 1503728511301182
17055	 1503728511318237
17312	 1503728511335549
16987	 1503728511352536
17066	 1503728511369602
17028	 1503728511386630
17053	 1503728511403683
17036	 1503728511420719
17059	 1503728511437778
17053	 1503728511454831
17089	 1503728511471920
16952	 1503728511488872
17070	 1503728511505942
17055	 1503728511522997
17141	 1503728511540138
16997	 1503728511557135
16998	 1503728511574133
17035	 1503728511591168
17008	 1503728511608176
17058	 1503728511625234
17193	 1503728511642427
17022	 1503728511659449
16986	 1503728511676435
17191	 1503728511693626
17182	 1503728511710808
16848	 1503728511727656
16932	 1503728511744588
17035	 1503728511761623
17213	 1503728511778836
16941	 1503728511795777
17182	 1503728511812959
17053	 1503728511830012
17116	 1503728511847128
16940	 1503728511864068
17221	 1503728511881289
17063	 1503728511898352
17107	 1503728511915459
16938	 1503728511932397
17085	 1503728511949482
17294	 1503728511966776
17047	 1503728511983823
17234	 1503728512001057
17114	 1503728512018171
17119	 1503728512035290
17162	 1503728512052452
17182	 1503728512069634
17162	 1503728512086796
17093	 1503728512103889
17129	 1503728512121018
17095	 1503728512138113
17095	 1503728512155208
17121	 1503728512172329
17107	 1503728512189436
17140	 1503728512206576
17152	 1503728512223728
17033	 1503728512240761
17319	 1503728512258080
17078	 1503728512275158
17039	 1503728512292197
17062	 1503728512309259
17348	 1503728512326607
17080	 1503728512343687
17086	 1503728512360773
17219	 1503728512377992
17155	 1503728512395147
17096	 1503728512412243
17034	 1503728512429277
17183	 1503728512446460
17150	 1503728512463610
17131	 1503728512480741
17121	 1503728512497862
17099	 1503728512514961
17141	 1503728512532102
17125	 1503728512549227
17224	 1503728512566451
17192	 1503728512583643
16929	 1503728512600572
17064	 1503728512617636
17191	 1503728512634827
17187	 1503728512652014
17080	 1503728512669094
17169	 1503728512686263
17157	 1503728512703420
17123	 1503728512720543
17226	 1503728512737769
17329	 1503728512755098
17049	 1503728512772147
17049	 1503728512789196
17181	 1503728512806377
17200	 1503728512823577
17185	 1503728512840762
17080	 1503728512857842
17203	 1503728512875045
17101	 1503728512892146
17060	 1503728512909206
17205	 1503728512926411
17100	 1503728512943511
17153	 1503728512960664
17169	 1503728512977833
17108	 1503728512994941
17189	 1503728513012130
17048	 1503728513029178
23286	 1503728513052464
20300	 1503728513072764
28180	 1503728513100944
14495	 1503728513115439
17167	 1503728513132606
17208	 1503728513149814
17158	 1503728513166972
17063	 1503728513184035
17119	 1503728513201154
17255	 1503728513218409
17154	 1503728513235563
17001	 1503728513252564
17195	 1503728513269759
17164	 1503728513286923
17100	 1503728513304023
17122	 1503728513321145
17167	 1503728513338312
17109	 1503728513355421
17136	 1503728513372557
17092	 1503728513389649
17126	 1503728513406775
17197	 1503728513423972
17154	 1503728513441126
17161	 1503728513458287
17204	 1503728513475491
17174	 1503728513492665
17141	 1503728513509806
17099	 1503728513526905
17208	 1503728513544113
17079	 1503728513561192
17205	 1503728513578397
17101	 1503728513595498
17172	 1503728513612670
17260	 1503728513629930
17052	 1503728513646982
17177	 1503728513664159
17169	 1503728513681328
17107	 1503728513698435
17050	 1503728513715485
17189	 1503728513732674
17065	 1503728513749739
17216	 1503728513766955
17933	 1503728513784888
17199	 1503728513802087
17178	 1503728513819265
17157	 1503728513836422
17127	 1503728513853549
17096	 1503728513870645
17051	 1503728513887696
17051	 1503728513904747
20678	 1503728513925425
18466	 1503728513943891
18139	 1503728513962030
16385	 1503728513978415
17049	 1503728513995464
17134	 1503728514012598
17218	 1503728514029816
17108	 1503728514046924
17193	 1503728514064117
17145	 1503728514081262
17232	 1503728514098494
17257	 1503728514115751
17098	 1503728514132849
17106	 1503728514149955
17102	 1503728514167057
17105	 1503728514184162
17188	 1503728514201350
17183	 1503728514218533
17040	 1503728514235573
17119	 1503728514252692
17241	 1503728514269933
17132	 1503728514287065
17069	 1503728514304134
17078	 1503728514321212
17230	 1503728514338442
20915	 1503728514359357
17102	 1503728514376459
17128	 1503728514393587
17196	 1503728514410783
17095	 1503728514427878
17034	 1503728514444912
17202	 1503728514462114
17129	 1503728514479243
17302	 1503728514496545
17220	 1503728514513765
17023	 1503728514530788
17056	 1503728514547844
17033	 1503728514564877
17203	 1503728514582080
17143	 1503728514599223
17025	 1503728514616248
17221	 1503728514633469
17012	 1503728514650481
17176	 1503728514667657
17087	 1503728514684744
17189	 1503728514701933
17118	 1503728514719051
17086	 1503728514736137
17173	 1503728514753310
17082	 1503728514770392
17122	 1503728514787514
17098	 1503728514804612
17079	 1503728514821691
17210	 1503728514838901
17060	 1503728514855961
17118	 1503728514873079
17173	 1503728514890252
17059	 1503728514907311
17159	 1503728514924470
17246	 1503728514941716
17117	 1503728514958833
17033	 1503728514975866
17290	 1503728514993156
17578	 1503728515010734
19308	 1503728515030042
16308	 1503728515046350
15968	 1503728515062318
17099	 1503728515079417
16989	 1503728515096406
17309	 1503728515113715
17144	 1503728515130859
17223	 1503728515148082
17029	 1503728515165111
17288	 1503728515182399
17105	 1503728515199504
17037	 1503728515216541
17225	 1503728515233766
17252	 1503728515251018
17066	 1503728515268084
17081	 1503728515285165
17125	 1503728515302290
17144	 1503728515319434
17080	 1503728515336514
17179	 1503728515353693
17193	 1503728515370886
17050	 1503728515387936
17107	 1503728515405043
17178	 1503728515422221
17149	 1503728515439370
17130	 1503728515456500
17150	 1503728515473650
17234	 1503728515490884
17010	 1503728515507894
17158	 1503728515525052
17205	 1503728515542257
17093	 1503728515559350
17109	 1503728515576459
17273	 1503728515593732
17073	 1503728515610805
17147	 1503728515627952
17179	 1503728515645131
17261	 1503728515662392
17114	 1503728515679506
17093	 1503728515696599
17248	 1503728515713847
17128	 1503728515730975
17081	 1503728515748056
17073	 1503728515765129
17202	 1503728515782331
17124	 1503728515799455
17043	 1503728515816498
17118	 1503728515833616
17316	 1503728515850932
16985	 1503728515867917
17165	 1503728515885082
17193	 1503728515902275
17078	 1503728515919353
17100	 1503728515936453
17039	 1503728515953492
17250	 1503728515970742
17084	 1503728515987826
17174	 1503728516005000
17140	 1503728516022140
17157	 1503728516039297
17016	 1503728516056313
17335	 1503728516073648
17137	 1503728516090785
17110	 1503728516107895
17004	 1503728516124899
17215	 1503728516142114
17108	 1503728516159222
17086	 1503728516176308
17200	 1503728516193508
17084	 1503728516210592
17024	 1503728516227616
17214	 1503728516244830
17210	 1503728516262040
17123	 1503728516279163
17072	 1503728516296235
17255	 1503728516313490
17122	 1503728516330612
17136	 1503728516347748
17087	 1503728516364835
17186	 1503728516382021
17120	 1503728516399141
17080	 1503728516416221
17255	 1503728516433476
17090	 1503728516450566
17067	 1503728516467633
17161	 1503728516484794
17185	 1503728516501979
17054	 1503728516519033
17227	 1503728516536260
17087	 1503728516553347
17196	 1503728516570543
17167	 1503728516587710
16983	 1503728516604693
17270	 1503728516621963
17047	 1503728516639010
23874	 1503728516662884
16986	 1503728516679870
17095	 1503728516696965
17104	 1503728516714069
17159	 1503728516731228
17059	 1503728516748287
17086	 1503728516765373
17111	 1503728516782484
25253	 1503728516807737
17662	 1503728516825399
23292	 1503728516848691
20639	 1503728516869330
19314	 1503728516888644
15270	 1503728516903914
17113	 1503728516921027
17011	 1503728516938038
23532	 1503728516961570
24003	 1503728516985573
22927	 1503728517008500
16324	 1503728517024824
18297	 1503728517043121
15634	 1503728517058755
16952	 1503728517075707
17166	 1503728517092873
16992	 1503728517109865
17138	 1503728517127003
16988	 1503728517143991
17033	 1503728517161024
17106	 1503728517178130
17064	 1503728517195194
17074	 1503728517212268
16837	 1503728517229105
17260	 1503728517246365
17067	 1503728517263432
17005	 1503728517280437
17155	 1503728517297592
17018	 1503728517314610
17210	 1503728517331820
16958	 1503728517348778
17035	 1503728517365813
17200	 1503728517383013
16923	 1503728517399936
16998	 1503728517416934
17135	 1503728517434069
17243	 1503728517451312
16950	 1503728517468262
16978	 1503728517485240
17042	 1503728517502282
17004	 1503728517519286
17033	 1503728517536319
17048	 1503728517553367
17130	 1503728517570497
20869	 1503728517591366
17066	 1503728517608432
17122	 1503728517625554
17147	 1503728517642701
16993	 1503728517659694
16904	 1503728517676598
17187	 1503728517693785
17078	 1503728517710863
17076	 1503728517727939
17133	 1503728517745072
17171	 1503728517762243
18143	 1503728517780386
17085	 1503728517797471
17131	 1503728517814602
17123	 1503728517831725
16949	 1503728517848674
17091	 1503728517865765
17102	 1503728517882867
16985	 1503728517899852
17003	 1503728517916855
17198	 1503728517934053
17048	 1503728517951101
21049	 1503728517972150
14071	 1503728517986221
17066	 1503728518003287
16982	 1503728518020269
17060	 1503728518037329
17171	 1503728518054500
17158	 1503728518071658
17010	 1503728518088668
17154	 1503728518105822
17123	 1503728518122945
17055	 1503728518140000
17119	 1503728518157119
17092	 1503728518174211
17122	 1503728518191333
17116	 1503728518208449
16927	 1503728518225376
17068	 1503728518242444
17053	 1503728518259497
16997	 1503728518276494
17163	 1503728518293657
17133	 1503728518310790
17115	 1503728518327905
16986	 1503728518344891
17320	 1503728518362211
17096	 1503728518379307
17021	 1503728518396328
16990	 1503728518413318
17186	 1503728518430504
17123	 1503728518447627
17007	 1503728518464634
17045	 1503728518481679
24226	 1503728518505905
17123	 1503728518523028
17010	 1503728518540038
17073	 1503728518557111
17100	 1503728518574211
17090	 1503728518591301
17046	 1503728518608347
16979	 1503728518625326
17130	 1503728518642456
17062	 1503728518659518
21104	 1503728518680622
17151	 1503728518697773
19616	 1503728518717389
18668	 1503728518736057
16871	 1503728518752928
16884	 1503728518769812
17194	 1503728518787006
16990	 1503728518803996
17073	 1503728518821069
17084	 1503728518838153
17056	 1503728518855209
17001	 1503728518872210
21460	 1503728518893670
14241	 1503728518907911
18635	 1503728518926546
17268	 1503728518943814
16986	 1503728518960800
17029	 1503728518977829
17173	 1503728518995002
17081	 1503728519012083
16899	 1503728519028982
17245	 1503728519046227
16967	 1503728519063194
17038	 1503728519080232
17095	 1503728519097327
17115	 1503728519114442
17099	 1503728519131541
17121	 1503728519148662
17116	 1503728519165778
17087	 1503728519182865
17147	 1503728519200012
17077	 1503728519217089
17129	 1503728519234218
17128	 1503728519251346
16939	 1503728519268285
17081	 1503728519285366
17214	 1503728519302580
17148	 1503728519319728
16955	 1503728519336683
17193	 1503728519353876
17112	 1503728519370988
17034	 1503728519388022
17147	 1503728519405169
17057	 1503728519422226
17012	 1503728519439238
17078	 1503728519456316
17139	 1503728519473455
17287	 1503728519490742
16978	 1503728519507720
16991	 1503728519524711
17248	 1503728519541959
17117	 1503728519559076
16993	 1503728519576069
17032	 1503728519593101
17165	 1503728519610266
17107	 1503728519627373
16976	 1503728519644349
17170	 1503728519661519
17187	 1503728519678706
17051	 1503728519695757
17097	 1503728519712854
19787	 1503728519732641
17648	 1503728519750289
19055	 1503728519769344
16691	 1503728519786035
16996	 1503728519803031
17107	 1503728519820138
17017	 1503728519837155
17071	 1503728519854226
17209	 1503728519871435
17038	 1503728519888473
17150	 1503728519905623
17138	 1503728519922761
17112	 1503728519939873
17148	 1503728519957021
17023	 1503728519974044
17201	 1503728519991245
17004	 1503728520008249
17027	 1503728520025276
17067	 1503728520042343
17004	 1503728520059347
16965	 1503728520076312
17084	 1503728520093396
17171	 1503728520110567
17073	 1503728520127640
17134	 1503728520144774
17025	 1503728520161799
17114	 1503728520178913
17108	 1503728520196021
17059	 1503728520213080
17088	 1503728520230168
17138	 1503728520247306
16982	 1503728520264288
17104	 1503728520281392
17135	 1503728520298527
17026	 1503728520315553
17236	 1503728520332789
17000	 1503728520349789
17080	 1503728520366869
17054	 1503728520383923
17024	 1503728520400947
17178	 1503728520418125
17113	 1503728520435238
17027	 1503728520452265
17044	 1503728520469309
17168	 1503728520486477
17018	 1503728520503495
17065	 1503728520520560
17041	 1503728520537601
17200	 1503728520554801
17206	 1503728520572007
16944	 1503728520588951
17191	 1503728520606142
17147	 1503728520623289
16919	 1503728520640208
17053	 1503728520657261
17273	 1503728520674534
16980	 1503728520691514
17029	 1503728520708543
17095	 1503728520725638
17127	 1503728520742765
17099	 1503728520759864
16908	 1503728520776772
17190	 1503728520793962
17094	 1503728520811056
17053	 1503728520828109
22855	 1503728520850964
17027	 1503728520867991
27915	 1503728520895906
18923	 1503728520914829
14573	 1503728520929402
17004	 1503728520946406
17057	 1503728520963463
17111	 1503728520980574
17063	 1503728520997637
17056	 1503728521014693
17152	 1503728521031845
16977	 1503728521048822
17171	 1503728521065993
17091	 1503728521083084
16994	 1503728521100078
16968	 1503728521117046
17227	 1503728521134273
17050	 1503728521151323
16982	 1503728521168305
17085	 1503728521185390
17161	 1503728521202551
17003	 1503728521219554
17033	 1503728521236587
17147	 1503728521253734
17133	 1503728521270867
17082	 1503728521287949
16993	 1503728521304942
17144	 1503728521322086
17104	 1503728521339190
17009	 1503728521356199
17125	 1503728521373324
17034	 1503728521390358
17066	 1503728521407424
17166	 1503728521424590
17073	 1503728521441663
17015	 1503728521458678
17028	 1503728521475706
17150	 1503728521492856
17045	 1503728521509901
17171	 1503728521527072
16988	 1503728521544060
17095	 1503728521561155
17183	 1503728521578338
17027	 1503728521595365
16924	 1503728521612289
17144	 1503728521629433
17168	 1503728521646601
17085	 1503728521663686
17006	 1503728521680692
17064	 1503728521697756
17082	 1503728521714838
17076	 1503728521731914
17101	 1503728521749015
17076	 1503728521766091
17068	 1503728521783159
17096	 1503728521800255
17070	 1503728521817325
17035	 1503728521834360
17115	 1503728521851475
16974	 1503728521868449
16977	 1503728521885426
17129	 1503728521902555
17034	 1503728521919589
16945	 1503728521936534
17161	 1503728521953695
16980	 1503728521970675
17124	 1503728521987799
17108	 1503728522004907
16884	 1503728522021791
17134	 1503728522038925
16984	 1503728522055909
17018	 1503728522072927
17088	 1503728522090015
17130	 1503728522107145
17243	 1503728522124388
16864	 1503728522141252
17270	 1503728522158522
17027	 1503728522175549
16887	 1503728522192436
17263	 1503728522209699
17082	 1503728522226781
17031	 1503728522243812
17039	 1503728522260851
17052	 1503728522277903
17067	 1503728522294970
17116	 1503728522312086
17029	 1503728522329115
17077	 1503728522346192
17122	 1503728522363314
17006	 1503728522380320
17049	 1503728522397369
17045	 1503728522414414
23672	 1503728522438086
16975	 1503728522455061
17200	 1503728522472261
16996	 1503728522489257
17052	 1503728522506309
17163	 1503728522523472
16996	 1503728522540468
17180	 1503728522557648
17105	 1503728522574753
17144	 1503728522591897
16946	 1503728522608843
27015	 1503728522635858
20230	 1503728522656088
24260	 1503728522680348
15863	 1503728522696211
19144	 1503728522715355
17964	 1503728522733319
17484	 1503728522750803
17032	 1503728522767835
17067	 1503728522784902
19168	 1503728522804070
17184	 1503728522821254
17018	 1503728522838272
19031	 1503728522857303
15826	 1503728522873129
17465	 1503728522890594
18614	 1503728522909208
17051	 1503728522926259
17101	 1503728522943360
16943	 1503728522960303
17144	 1503728522977447
17052	 1503728522994499
17067	 1503728523011566
16912	 1503728523028478
17110	 1503728523045588
17148	 1503728523062736
17009	 1503728523079745
17071	 1503728523096816
17117	 1503728523113933
16979	 1503728523130912
17064	 1503728523147976
16958	 1503728523164934
17114	 1503728523182048
17116	 1503728523199164
17026	 1503728523216190
16950	 1503728523233140
17164	 1503728523250304
17024	 1503728523267328
16948	 1503728523284276
16997	 1503728523301273
17136	 1503728523318409
16963	 1503728523335372
16991	 1503728523352363
17133	 1503728523369496
17064	 1503728523386560
17082	 1503728523403642
17020	 1503728523420662
17156	 1503728523437818
17081	 1503728523454899
16932	 1503728523471831
17150	 1503728523488981
17001	 1503728523505982
17132	 1503728523523114
16947	 1503728523540061
17112	 1503728523557173
17069	 1503728523574242
17101	 1503728523591343
17003	 1503728523608346
17183	 1503728523625529
17081	 1503728523642610
17028	 1503728523659638
17089	 1503728523676727
17108	 1503728523693835
16970	 1503728523710805
17235	 1503728523728040
16868	 1503728523744908
17153	 1503728523762061
16981	 1503728523779042
16961	 1503728523796003
17067	 1503728523813070
17100	 1503728523830170
17122	 1503728523847292
16968	 1503728523864260
17091	 1503728523881351
17009	 1503728523898360
17102	 1503728523915462
17106	 1503728523932568
17052	 1503728523949620
17032	 1503728523966652
17141	 1503728523983793
16911	 1503728524000704
17182	 1503728524017886
16966	 1503728524034852
17706	 1503728524052558
16369	 1503728524068927
17021	 1503728524085948
17133	 1503728524103081
17017	 1503728524120098
17058	 1503728524137156
17057	 1503728524154213
17148	 1503728524171361
17019	 1503728524188380
17020	 1503728524205400
17174	 1503728524222574
17146	 1503728524239720
16984	 1503728524256704
17188	 1503728524273892
16922	 1503728524290814
17023	 1503728524307837
17002	 1503728524324839
17160	 1503728524341999
17041	 1503728524359040
17015	 1503728524376055
17030	 1503728524393085
17113	 1503728524410198
17085	 1503728524427283
16968	 1503728524444251
17047	 1503728524461298
17163	 1503728524478461
17008	 1503728524495469
17099	 1503728524512568
17028	 1503728524529596
17105	 1503728524546701
17051	 1503728524563752
17054	 1503728524580806
17128	 1503728524597934
17069	 1503728524615003
17013	 1503728524632016
17063	 1503728524649079
17091	 1503728524666170
17135	 1503728524683305
16942	 1503728524700247
20915	 1503728524721162
17628	 1503728524738790
16959	 1503728524755749
21362	 1503728524777111
21574	 1503728524798685
18588	 1503728524817273
17141	 1503728524834414
17173	 1503728524851587
16921	 1503728524868508
17090	 1503728524885598
17161	 1503728524902759
17069	 1503728524919828
17116	 1503728524936944
17079	 1503728524954023
17112	 1503728524971135
16922	 1503728524988057
17055	 1503728525005112
17161	 1503728525022273
17042	 1503728525039315
17161	 1503728525056476
17115	 1503728525073591
17045	 1503728525090636
17056	 1503728525107692
17057	 1503728525124749
17049	 1503728525141798
17036	 1503728525158834
17115	 1503728525175949
17048	 1503728525192997
17161	 1503728525210158
17074	 1503728525227232
17041	 1503728525244273
17001	 1503728525261274
17058	 1503728525278332
17154	 1503728525295486
16867	 1503728525312353
18106	 1503728525330459
16978	 1503728525347437
17044	 1503728525364481
17075	 1503728525381556
17196	 1503728525398752
17079	 1503728525415831
17025	 1503728525432856
17053	 1503728525449909
17123	 1503728525467032
17055	 1503728525484087
17112	 1503728525501199
16967	 1503728525518166
20530	 1503728525538696
16969	 1503728525555665
19599	 1503728525575264
17614	 1503728525592878
16904	 1503728525609782
16551	 1503728525626333
17079	 1503728525643412
17172	 1503728525660584
17109	 1503728525677693
17111	 1503728525694804
17026	 1503728525711830
17110	 1503728525728940
17165	 1503728525746105
16977	 1503728525763082
17112	 1503728525780194
17089	 1503728525797283
17089	 1503728525814372
16987	 1503728525831359
17083	 1503728525848442
16949	 1503728525865391
17104	 1503728525882495
17089	 1503728525899584
17063	 1503728525916647
17118	 1503728525933765
17182	 1503728525950947
16984	 1503728525967931
17065	 1503728525984996
17078	 1503728526002074
17078	 1503728526019152
17067	 1503728526036219
17047	 1503728526053266
17156	 1503728526070422
16933	 1503728526087355
17167	 1503728526104522
16992	 1503728526121514
17162	 1503728526138676
16997	 1503728526155673
16971	 1503728526172644
17175	 1503728526189819
17107	 1503728526206926
16997	 1503728526223923
17096	 1503728526241019
17021	 1503728526258040
17117	 1503728526275157
17046	 1503728526292203
17020	 1503728526309223
17104	 1503728526326327
17087	 1503728526343414
17026	 1503728526360440
17138	 1503728526377578
17127	 1503728526394705
17011	 1503728526411716
17006	 1503728526428722
17076	 1503728526445798
17144	 1503728526462942
16988	 1503728526479930
17056	 1503728526496986
17028	 1503728526514014
17183	 1503728526531197
17062	 1503728526548259
17091	 1503728526565350
16952	 1503728526582302
17133	 1503728526599435
17012	 1503728526616447
17137	 1503728526633584
17089	 1503728526650673
19867	 1503728526670540
17044	 1503728526687584
19765	 1503728526707349
18025	 1503728526725374
16121	 1503728526741495
15897	 1503728526757392
17222	 1503728526774614
24578	 1503728526799192
17146	 1503728526816338
16916	 1503728526833254
17153	 1503728526850407
17056	 1503728526867463
17076	 1503728526884539
17131	 1503728526901670
17080	 1503728526918750
17077	 1503728526935827
17017	 1503728526952844
17108	 1503728526969952
17125	 1503728526987077
17654	 1503728527004731
17447	 1503728527022178
17181	 1503728527039359
18136	 1503728527057495
16912	 1503728527074407
18637	 1503728527093044
16695	 1503728527109739
15965	 1503728527125704
17134	 1503728527142838
17008	 1503728527159846
17033	 1503728527176879
17171	 1503728527194050
17075	 1503728527211125
17104	 1503728527228229
17061	 1503728527245290
17004	 1503728527262294
17144	 1503728527279438
21099	 1503728527300537
14077	 1503728527314614
17714	 1503728527332328
16453	 1503728527348781
17100	 1503728527365881
17061	 1503728527382942
17062	 1503728527400004
16896	 1503728527416900
17235	 1503728527434135
17027	 1503728527451162
17027	 1503728527468189
17140	 1503728527485329
17017	 1503728527502346
17146	 1503728527519492
17020	 1503728527536512
17161	 1503728527553673
17135	 1503728527570808
17060	 1503728527587868
17025	 1503728527604893
17177	 1503728527622070
17096	 1503728527639166
17104	 1503728527656270
17018	 1503728527673288
17123	 1503728527690411
17011	 1503728527707422
17067	 1503728527724489
17102	 1503728527741591
17154	 1503728527758745
17016	 1503728527775761
17024	 1503728527792785
17258	 1503728527810043
17065	 1503728527827108
16975	 1503728527844083
17162	 1503728527861245
17150	 1503728527878395
17020	 1503728527895415
16993	 1503728527912408
17011	 1503728527929419
17091	 1503728527946510
16965	 1503728527963475
17100	 1503728527980575
17135	 1503728527997710
16977	 1503728528014687
17094	 1503728528031781
17135	 1503728528048916
17113	 1503728528066029
17034	 1503728528083063
17184	 1503728528100247
17061	 1503728528117308
17146	 1503728528134454
17078	 1503728528151532
17094	 1503728528168626
19629	 1503728528188255
17018	 1503728528205273
17200	 1503728528222473
17115	 1503728528239588
16999	 1503728528256587
17158	 1503728528273745
17033	 1503728528290778
17012	 1503728528307790
17089	 1503728528324879
17159	 1503728528342038
17181	 1503728528359219
17008	 1503728528376227
17100	 1503728528393327
24209	 1503728528417536
17291	 1503728528434827
17190	 1503728528452017
25704	 1503728528477721
19849	 1503728528497570
15250	 1503728528512820
16888	 1503728528529708
17227	 1503728528546935
17048	 1503728528563983
17037	 1503728528581020
17039	 1503728528598059
20839	 1503728528618898
17175	 1503728528636073
17196	 1503728528653269
20920	 1503728528674189
23694	 1503728528697883
19980	 1503728528717863
14513	 1503728528732376
18450	 1503728528750826
15707	 1503728528766533
17122	 1503728528783655
16995	 1503728528800650
17078	 1503728528817728
17039	 1503728528834767
17012	 1503728528851779
17188	 1503728528868967
17002	 1503728528885969
17128	 1503728528903097
17107	 1503728528920204
17172	 1503728528937376
17084	 1503728528954460
17051	 1503728528971511
16993	 1503728528988504
17127	 1503728529005631
17097	 1503728529022728
16919	 1503728529039647
17172	 1503728529056819
17143	 1503728529073962
17131	 1503728529091093
17100	 1503728529108193
17042	 1503728529125235
17150	 1503728529142385
17032	 1503728529159417
17061	 1503728529176478
17076	 1503728529193554
17118	 1503728529210672
16991	 1503728529227663
16929	 1503728529244592
17143	 1503728529261735
17123	 1503728529278858
16991	 1503728529295849
17088	 1503728529312937
17107	 1503728529330044
17115	 1503728529347159
17144	 1503728529364303
16989	 1503728529381292
17209	 1503728529398501
17074	 1503728529415575
17069	 1503728529432644
17084	 1503728529449728
16986	 1503728529466714
17027	 1503728529483741
17137	 1503728529500878
17073	 1503728529517951
17045	 1503728529534996
18567	 1503728529553563
17128	 1503728529570691
17102	 1503728529587793
16999	 1503728529604792
17195	 1503728529621987
17152	 1503728529639139
16897	 1503728529656036
17187	 1503728529673223
17101	 1503728529690324
17100	 1503728529707424
17019	 1503728529724443
17124	 1503728529741567
17071	 1503728529758638
17122	 1503728529775760
17046	 1503728529792806
17045	 1503728529809851
17130	 1503728529826981
17040	 1503728529844021
17043	 1503728529861064
17238	 1503728529878302
17034	 1503728529895336
16919	 1503728529912255
17103	 1503728529929358
17104	 1503728529946462
16966	 1503728529963428
17047	 1503728529980475
17044	 1503728529997519
17079	 1503728530014598
17134	 1503728530031732
17024	 1503728530048756
17129	 1503728530065885
17115	 1503728530083000
17034	 1503728530100034
17041	 1503728530117075
21499	 1503728530138574
14013	 1503728530152587
17182	 1503728530169769
16973	 1503728530186742
17113	 1503728530203855
17072	 1503728530220927
16962	 1503728530237889
17072	 1503728530254961
17028	 1503728530271989
17112	 1503728530289101
16960	 1503728530306061
17146	 1503728530323207
17033	 1503728530340240
17043	 1503728530357283
17266	 1503728530374549
16976	 1503728530391525
17039	 1503728530408564
17081	 1503728530425645
17078	 1503728530442723
16871	 1503728530459594
17158	 1503728530476752
17096	 1503728530493848
17030	 1503728530510878
17021	 1503728530527899
17174	 1503728530545073
19720	 1503728530564793
17025	 1503728530581818
17207	 1503728530599025
17122	 1503728530616147
17044	 1503728530633191
17198	 1503728530650389
16959	 1503728530667348
16897	 1503728530684245
17101	 1503728530701346
17073	 1503728530718419
16995	 1503728530735414
17104	 1503728530752518
17014	 1503728530769532
17150	 1503728530786682
16923	 1503728530803605
17099	 1503728530820704
17055	 1503728530837759
17092	 1503728530854851
16934	 1503728530871785
16973	 1503728530888758
17222	 1503728530905980
17008	 1503728530922988
19241	 1503728530942229
17089	 1503728530959318
16973	 1503728530976291
17118	 1503728530993409
16947	 1503728531010356
17201	 1503728531027557
16930	 1503728531044487
16988	 1503728531061475
19597	 1503728531081072
17071	 1503728531098143
17149	 1503728531115292
17007	 1503728531132299
17100	 1503728531149399
17114	 1503728531166513
18094	 1503728531184607
17025	 1503728531201632
17895	 1503728531219527
16311	 1503728531235838
17060	 1503728531252898
17148	 1503728531270046
17160	 1503728531287206
16912	 1503728531304118
19699	 1503728531323817
17578	 1503728531341395
17160	 1503728531358555
19305	 1503728531377860
17624	 1503728531395484
17044	 1503728531412528
16335	 1503728531428863
17194	 1503728531446057
16876	 1503728531462933
17065	 1503728531479998
17050	 1503728531497048
17080	 1503728531514128
17005	 1503728531531133
17076	 1503728531548209
17137	 1503728531565346
17016	 1503728531582362
17099	 1503728531599461
16987	 1503728531616448
17165	 1503728531633613
17036	 1503728531650649
17077	 1503728531667726
17062	 1503728531684788
17021	 1503728531701809
17112	 1503728531718921
17089	 1503728531736010
17000	 1503728531753010
17220	 1503728531770230
17005	 1503728531787235
17049	 1503728531804284
17007	 1503728531821291
17142	 1503728531838433
17047	 1503728531855480
17049	 1503728531872529
17113	 1503728531889642
17110	 1503728531906752
17063	 1503728531923815
17042	 1503728531940857
17150	 1503728531958007
17281	 1503728531975288
16906	 1503728531992194
16992	 1503728532009186
17098	 1503728532026284
17048	 1503728532043332
17075	 1503728532060407
17128	 1503728532077535
17081	 1503728532094616
17125	 1503728532111741
17022	 1503728532128763
17087	 1503728532145850
17090	 1503728532162940
16931	 1503728532179871
17031	 1503728532196902
17207	 1503728532214109
17101	 1503728532231210
16999	 1503728532248209
17022	 1503728532265231
17164	 1503728532282395
17044	 1503728532299439
17037	 1503728532316476
17212	 1503728532333688
17168	 1503728532350856
17053	 1503728532367909
16966	 1503728532384875
17256	 1503728532402131
17083	 1503728532419214
17033	 1503728532436247
17129	 1503728532453376
17190	 1503728532470566
23575	 1503728532494141
17133	 1503728532511274
17029	 1503728532528303
19981	 1503728532548284
23496	 1503728532571780
14614	 1503728532586394
18357	 1503728532604751
17149	 1503728532621900
17016	 1503728532638916
17171	 1503728532656087
17054	 1503728532673141
17112	 1503728532690253
17047	 1503728532707300
17025	 1503728532724325
17082	 1503728532741407
17197	 1503728532758604
17003	 1503728532775607
16885	 1503728532792492
17247	 1503728532809739
17157	 1503728532826896
17001	 1503728532843897
17186	 1503728532861083
17146	 1503728532878229
17056	 1503728532895285
17040	 1503728532912325
17096	 1503728532929421
16971	 1503728532946392
17166	 1503728532963558
17028	 1503728532980586
17055	 1503728532997641
17080	 1503728533014721
17105	 1503728533031826
17146	 1503728533048972
17181	 1503728533066153
17082	 1503728533083235
17060	 1503728533100295
17011	 1503728533117306
17095	 1503728533134401
17013	 1503728533151414
16961	 1503728533168375
17195	 1503728533185570
17050	 1503728533202620
17297	 1503728533219917
16961	 1503728533236878
17114	 1503728533253992
17113	 1503728533271105
16987	 1503728533288092
16986	 1503728533305078
17200	 1503728533322278
17036	 1503728533339314
17008	 1503728533356322
17187	 1503728533373509
16903	 1503728533390412
17050	 1503728533407462
17064	 1503728533424526
17071	 1503728533441597
17212	 1503728533458809
16959	 1503728533475768
17025	 1503728533492793
17114	 1503728533509907
17138	 1503728533527045
17000	 1503728533544045
17088	 1503728533561133
17050	 1503728533578183
17097	 1503728533595280
16969	 1503728533612249
17172	 1503728533629421
17027	 1503728533646448
17043	 1503728533663491
17106	 1503728533680597
17165	 1503728533697762
17109	 1503728533714871
17033	 1503728533731904
17102	 1503728533749006
17225	 1503728533766231
16994	 1503728533783225
17094	 1503728533800319
17021	 1503728533817340
17139	 1503728533834479
17092	 1503728533851571
17088	 1503728533868659
17233	 1503728533885892
16993	 1503728533902885
17097	 1503728533919982
17086	 1503728533937068
20872	 1503728533957940
17148	 1503728533975088
17138	 1503728533992226
16881	 1503728534009107
17144	 1503728534026251
17110	 1503728534043361
16978	 1503728534060339
17046	 1503728534077385
17109	 1503728534094494
16933	 1503728534111427
17159	 1503728534128586
16945	 1503728534145531
17272	 1503728534162803
16928	 1503728534179731
17076	 1503728534196807
28358	 1503728534225165
17178	 1503728534242343
17017	 1503728534259360
24248	 1503728534283608
21688	 1503728534305296
18281	 1503728534323577
15002	 1503728534338579
18221	 1503728534356800
17280	 1503728534374080
16993	 1503728534391073
17004	 1503728534408077
17070	 1503728534425147
17012	 1503728534442159
19168	 1503728534461327
17126	 1503728534478453
17043	 1503728534495496
17259	 1503728534512755
19225	 1503728534531980
16768	 1503728534548748
15881	 1503728534564629
17132	 1503728534581761
18398	 1503728534600159
16977	 1503728534617136
17140	 1503728534634276
16945	 1503728534651221
16995	 1503728534668216
17052	 1503728534685268
17106	 1503728534702374
17000	 1503728534719374
16936	 1503728534736310
17045	 1503728534753355
17035	 1503728534770390
17073	 1503728534787463
16996	 1503728534804459
17006	 1503728534821465
17212	 1503728534838677
16930	 1503728534855607
17042	 1503728534872649
17140	 1503728534889789
17056	 1503728534906845
17017	 1503728534923862
17092	 1503728534940954
17077	 1503728534958031
17098	 1503728534975129
16998	 1503728534992127
16992	 1503728535009119
17022	 1503728535026141
17209	 1503728535043350
16884	 1503728535060234
24011	 1503728535084245
17008	 1503728535101253
17012	 1503728535118265
17080	 1503728535135345
16984	 1503728535152329
17084	 1503728535169413
17007	 1503728535186420
17093	 1503728535203513
17003	 1503728535220516
17154	 1503728535237670
17062	 1503728535254732
17013	 1503728535271745
17049	 1503728535288794
17007	 1503728535305801
17110	 1503728535322911
17020	 1503728535339931
19314	 1503728535359245
17058	 1503728535376303
17079	 1503728535393382
17127	 1503728535410509
19458	 1503728535429967
17179	 1503728535447146
17544	 1503728535464690
18333	 1503728535483023
15946	 1503728535498969
16979	 1503728535515948
17138	 1503728535533086
17068	 1503728535550154
17000	 1503728535567154
17084	 1503728535584238
17089	 1503728535601327
17146	 1503728535618473
16994	 1503728535635467
17098	 1503728535652565
16991	 1503728535669556
17112	 1503728535686668
17021	 1503728535703689
21517	 1503728535725206
14148	 1503728535739354
17001	 1503728535756355
18081	 1503728535774436
17076	 1503728535791512
17013	 1503728535808525
17068	 1503728535825593
17200	 1503728535842793
16917	 1503728535859710
17106	 1503728535876816
17060	 1503728535893876
17110	 1503728535910986
17047	 1503728535928033
17039	 1503728535945072
16946	 1503728535962018
17214	 1503728535979232
16984	 1503728535996216
17057	 1503728536013273
17017	 1503728536030290
17058	 1503728536047348
17045	 1503728536064393
17204	 1503728536081597
17046	 1503728536098643
17009	 1503728536115652
17011	 1503728536132663
17004	 1503728536149667
17085	 1503728536166752
17098	 1503728536183850
17064	 1503728536200914
18038	 1503728536218952
16204	 1503728536235156
17014	 1503728536252170
17002	 1503728536269172
17046	 1503728536286218
17168	 1503728536303386
16998	 1503728536320384
16978	 1503728536337362
17143	 1503728536354505
16968	 1503728536371473
23297	 1503728536394770
16925	 1503728536411695
17106	 1503728536428801
23677	 1503728536452478
15836	 1503728536468314
22243	 1503728536490557
17960	 1503728536508517
16027	 1503728536524544
17197	 1503728536541741
17128	 1503728536558869
16892	 1503728536575761
17183	 1503728536592944
17061	 1503728536610005
17193	 1503728536627198
16963	 1503728536644161
17060	 1503728536661221
17061	 1503728536678282
17051	 1503728536695333
17045	 1503728536712378
16992	 1503728536729370
17089	 1503728536746459
16994	 1503728536763453
16985	 1503728536780438
17136	 1503728536797574
17022	 1503728536814596
17088	 1503728536831684
16892	 1503728536848576
17015	 1503728536865591
17100	 1503728536882691
17057	 1503728536899748
17021	 1503728536916769
17055	 1503728536933824
17133	 1503728536950957
17038	 1503728536967995
17106	 1503728536985101
17042	 1503728537002143
17051	 1503728537019194
16989	 1503728537036183
16901	 1503728537053084
17135	 1503728537070219
17097	 1503728537087316
16980	 1503728537104296
17077	 1503728537121373
20305	 1503728537141678
17110	 1503728537158788
17143	 1503728537175931
19572	 1503728537195503
16618	 1503728537212121
17055	 1503728537229176
17251	 1503728537246427
17028	 1503728537263455
17003	 1503728537280458
17031	 1503728537297489
17067	 1503728537314556
17148	 1503728537331704
17022	 1503728537348726
17063	 1503728537365789
17032	 1503728537382821
17033	 1503728537399854
17049	 1503728537416903
17082	 1503728537433985
17194	 1503728537451179
17050	 1503728537468229
17069	 1503728537485298
17075	 1503728537502373
17085	 1503728537519458
16915	 1503728537536373
17108	 1503728537553481
17165	 1503728537570646
17011	 1503728537587657
17022	 1503728537604679
17219	 1503728537621898
17028	 1503728537638926
17035	 1503728537655961
17122	 1503728537673083
17148	 1503728537690231
17073	 1503728537707304
17085	 1503728537724389
17041	 1503728537741430
17055	 1503728537758485
17041	 1503728537775526
17079	 1503728537792605
17054	 1503728537809659
17055	 1503728537826714
17076	 1503728537843790
17045	 1503728537860835
17009	 1503728537877844
17100	 1503728537894944
17065	 1503728537912009
16946	 1503728537928955
17103	 1503728537946058
17033	 1503728537963091
17066	 1503728537980157
17195	 1503728537997352
16965	 1503728538014317
17075	 1503728538031392
17141	 1503728538048533
17102	 1503728538065635
17027	 1503728538082662
17107	 1503728538099769
17047	 1503728538116816
17147	 1503728538133963
17091	 1503728538151054
17016	 1503728538168070
17039	 1503728538185109
17129	 1503728538202238
17096	 1503728538219334
16993	 1503728538236327
17134	 1503728538253461
17105	 1503728538270566
16990	 1503728538287556
17088	 1503728538304644
17545	 1503728538322189
17644	 1503728538339833
17061	 1503728538356894
17187	 1503728538374081
17258	 1503728538391339
18985	 1503728538410324
14950	 1503728538425274
17298	 1503728538442572
16890	 1503728538459462
17008	 1503728538476470
17070	 1503728538493540
17145	 1503728538510685
16981	 1503728538527666
17090	 1503728538544756
17046	 1503728538561802
17112	 1503728538578914
17094	 1503728538596008
17035	 1503728538613043
17122	 1503728538630165
17047	 1503728538647212
17070	 1503728538664282
16973	 1503728538681255
17232	 1503728538698487
17090	 1503728538715577
17021	 1503728538732598
17120	 1503728538749718
17191	 1503728538766909
17022	 1503728538783931
17079	 1503728538801010
17124	 1503728538818134
17035	 1503728538835169
16946	 1503728538852115
17094	 1503728538869209
16954	 1503728538886163
17112	 1503728538903275
17008	 1503728538920283
17216	 1503728538937499
17055	 1503728538954554
17159	 1503728538971713
16988	 1503728538988701
17089	 1503728539005790
17153	 1503728539022943
16967	 1503728539039910
17043	 1503728539056953
17109	 1503728539074062
17143	 1503728539091205
16979	 1503728539108184
17040	 1503728539125224
17124	 1503728539142348
17204	 1503728539159552
16945	 1503728539176497
17107	 1503728539193604
20592	 1503728539214196
17132	 1503728539231328
17077	 1503728539248405
16996	 1503728539265401
17214	 1503728539282615
17049	 1503728539299664
17037	 1503728539316701
17179	 1503728539333880
17037	 1503728539350917
16988	 1503728539367905
17167	 1503728539385072
17030	 1503728539402102
17211	 1503728539419313
16961	 1503728539436274
17122	 1503728539453396
17123	 1503728539470519
17133	 1503728539487652
17070	 1503728539504722
17455	 1503728539522177
17051	 1503728539539228
17110	 1503728539556338
17198	 1503728539573536
17006	 1503728539590542
17070	 1503728539607612
17111	 1503728539624723
17206	 1503728539641929
17062	 1503728539658991
17163	 1503728539676154
16998	 1503728539693152
22750	 1503728539715902
17059	 1503728539732961
17172	 1503728539750133
17109	 1503728539767242
17073	 1503728539784315
17070	 1503728539801385
17123	 1503728539818508
17061	 1503728539835569
17072	 1503728539852641
17119	 1503728539869760
17136	 1503728539886896
17068	 1503728539903964
17076	 1503728539921040
17308	 1503728539938348
17105	 1503728539955453
17044	 1503728539972497
17210	 1503728539989707
24153	 1503728540013860
17346	 1503728540031206
16945	 1503728540048151
17103	 1503728540065254
25453	 1503728540090707
16184	 1503728540106891
17772	 1503728540124663
22487	 1503728540147150
14829	 1503728540161979
18620	 1503728540180599
17092	 1503728540197691
17065	 1503728540214756
17074	 1503728540231830
17077	 1503728540248907
17146	 1503728540266053
23471	 1503728540289524
17150	 1503728540306674
17218	 1503728540323892
17041	 1503728540340933
20757	 1503728540361690
23848	 1503728540385538
15361	 1503728540400899
19470	 1503728540420369
16998	 1503728540437367
18513	 1503728540455880
15701	 1503728540471581
17181	 1503728540488762
17103	 1503728540505865
17027	 1503728540522892
17052	 1503728540539944
17283	 1503728540557227
17089	 1503728540574316
17111	 1503728540591427
17033	 1503728540608460
17176	 1503728540625636
17147	 1503728540642783
17084	 1503728540659867
17136	 1503728540677003
17195	 1503728540694198
17107	 1503728540711305
17102	 1503728540728407
16987	 1503728540745394
17082	 1503728540762476
17150	 1503728540779626
17163	 1503728540796789
17152	 1503728540813941
17054	 1503728540830995
17119	 1503728540848114
17145	 1503728540865259
17034	 1503728540882293
17223	 1503728540899516
17152	 1503728540916668
17224	 1503728540933892
16994	 1503728540950886
17152	 1503728540968038
17130	 1503728540985168
17067	 1503728541002235
17084	 1503728541019319
17210	 1503728541036529
16897	 1503728541053426
17183	 1503728541070609
17226	 1503728541087835
17059	 1503728541104894
17141	 1503728541122035
17164	 1503728541139199
16985	 1503728541156184
17168	 1503728541173352
17260	 1503728541190612
17044	 1503728541207656
17198	 1503728541224854
16964	 1503728541241818
17203	 1503728541259021
17137	 1503728541276158
17145	 1503728541293303
17155	 1503728541310458
17082	 1503728541327540
17211	 1503728541344751
17135	 1503728541361886
17199	 1503728541379085
17123	 1503728541396208
17100	 1503728541413308
17040	 1503728541430348
17184	 1503728541447532
17081	 1503728541464613
17139	 1503728541481752
17177	 1503728541498929
17044	 1503728541515973
20808	 1503728541536781
17362	 1503728541554143
17144	 1503728541571287
16993	 1503728541588280
17061	 1503728541605341
17085	 1503728541622426
17233	 1503728541639659
16991	 1503728541656650
17127	 1503728541673777
17158	 1503728541690935
17173	 1503728541708108
17103	 1503728541725211
17062	 1503728541742273
17147	 1503728541759420
17008	 1503728541776428
17216	 1503728541793644
17196	 1503728541810840
17014	 1503728541827854
17209	 1503728541845063
17096	 1503728541862159
17191	 1503728541879350
17006	 1503728541896356
17125	 1503728541913481
17157	 1503728541930638
17098	 1503728541947736
17177	 1503728541964913
17170	 1503728541982083
17197	 1503728541999280
17036	 1503728542016316
17136	 1503728542033452
17083	 1503728542050535
17069	 1503728542067604
17119	 1503728542084723
17091	 1503728542101814
17292	 1503728542119106
17095	 1503728542136201
17144	 1503728542153345
17103	 1503728542170448
17056	 1503728542187504
17181	 1503728542204685
17181	 1503728542221866
17822	 1503728542239688
17030	 1503728542256718
17146	 1503728542273864
17129	 1503728542290993
21905	 1503728542312898
14195	 1503728542327093
18065	 1503728542345158
16081	 1503728542361239
17165	 1503728542378404
17228	 1503728542395632
16988	 1503728542412620
17199	 1503728542429819
17104	 1503728542446923
17112	 1503728542464035
17261	 1503728542481296
17170	 1503728542498466
17201	 1503728542515667
17111	 1503728542532778
17138	 1503728542549916
17084	 1503728542567000
17210	 1503728542584210
17050	 1503728542601260
17339	 1503728542618599
17077	 1503728542635676
17130	 1503728542652806
17140	 1503728542669946
17363	 1503728542687309
16962	 1503728542704271
17054	 1503728542721325
17315	 1503728542738640
17073	 1503728542755713
17135	 1503728542772848
17268	 1503728542790116
17142	 1503728542807258
17119	 1503728542824377
17195	 1503728542841572
17162	 1503728542858734
17163	 1503728542875897
17133	 1503728542893030
17201	 1503728542910231
20523	 1503728542930754
17112	 1503728542947866
17130	 1503728542964996
17250	 1503728542982246
20173	 1503728543002419
16522	 1503728543018941
17224	 1503728543036165
17191	 1503728543053356
17179	 1503728543070535
17180	 1503728543087715
17083	 1503728543104798
17125	 1503728543121923
17195	 1503728543139118
17187	 1503728543156305
17143	 1503728543173448
17198	 1503728543190646
17127	 1503728543207773
17102	 1503728543224875
17300	 1503728543242175
17254	 1503728543259429
16992	 1503728543276421
17172	 1503728543293593
17383	 1503728543310976
17031	 1503728543328007
17213	 1503728543345220
17075	 1503728543362295
25572	 1503728543387867
17049	 1503728543404916
17259	 1503728543422175
17269	 1503728543439444
17280	 1503728543456724
17201	 1503728543473925
17239	 1503728543491164
17135	 1503728543508299
17040	 1503728543525339
17265	 1503728543542604
17066	 1503728543559670
17152	 1503728543576822
17241	 1503728543594063
17258	 1503728543611321
17142	 1503728543628463
17117	 1503728543645580
17289	 1503728543662869
17300	 1503728543680169
17106	 1503728543697275
21268	 1503728543718543
17228	 1503728543735771
17052	 1503728543752823
17359	 1503728543770182
18269	 1503728543788451
16197	 1503728543804648
17327	 1503728543821975
19105	 1503728543841080
22493	 1503728543863573
14115	 1503728543877688
17223	 1503728543894911
17240	 1503728543912151
17255	 1503728543929406
17123	 1503728543946529
17271	 1503728543963800
17286	 1503728543981086
17207	 1503728543998293
17261	 1503728544015554
17264	 1503728544032818
17179	 1503728544049997
17374	 1503728544067371
17066	 1503728544084437
17348	 1503728544101785
17134	 1503728544118919
17216	 1503728544136135
21512	 1503728544157647
14102	 1503728544171749
23493	 1503728544195242
18092	 1503728544213334
16299	 1503728544229633
17358	 1503728544246991
21214	 1503728544268205
24420	 1503728544292625
14479	 1503728544307104
18239	 1503728544325343
17116	 1503728544342459
17273	 1503728544359732
17100	 1503728544376832
17356	 1503728544394188
17310	 1503728544411498
17207	 1503728544428705
17160	 1503728544445865
17365	 1503728544463230
17150	 1503728544480380
17170	 1503728544497550
17259	 1503728544514809
17258	 1503728544532067
17282	 1503728544549349
17127	 1503728544566476
17227	 1503728544583703
17208	 1503728544600911
17280	 1503728544618191
17308	 1503728544635499
17114	 1503728544652613
17252	 1503728544669865
17283	 1503728544687148
17163	 1503728544704311
17314	 1503728544721625
17437	 1503728544739062
17149	 1503728544756211
17107	 1503728544773318
17285	 1503728544790603
17239	 1503728544807842
17289	 1503728544825131
17314	 1503728544842445
17209	 1503728544859654
17192	 1503728544876846
17323	 1503728544894169
17226	 1503728544911395
17140	 1503728544928535
17259	 1503728544945794
17323	 1503728544963117
17217	 1503728544980334
17276	 1503728544997610
17392	 1503728545015002
17148	 1503728545032150
17188	 1503728545049338
17182	 1503728545066520
17344	 1503728545083864
17288	 1503728545101152
17244	 1503728545118396
17227	 1503728545135623
17354	 1503728545152977
17285	 1503728545170262
17301	 1503728545187563
17126	 1503728545204689
17471	 1503728545222160
17403	 1503728545239563
17156	 1503728545256719
17346	 1503728545274065
17263	 1503728545291328
17263	 1503728545308591
17335	 1503728545325926
17388	 1503728545343314
17159	 1503728545360473
17312	 1503728545377785
17275	 1503728545395060
17170	 1503728545412230
17405	 1503728545429635
17219	 1503728545446854
17279	 1503728545464133
17193	 1503728545481326
17323	 1503728545498649
23728	 1503728545522377
17365	 1503728545539742
17305	 1503728545557047
17271	 1503728545574318
17184	 1503728545591502
17315	 1503728545608817
17378	 1503728545626195
17204	 1503728545643399
17328	 1503728545660727
17291	 1503728545678018
17319	 1503728545695337
17247	 1503728545712584
17493	 1503728545730077
17214	 1503728545747291
17426	 1503728545764717
17220	 1503728545781937
17482	 1503728545799419
17090	 1503728545816509
17290	 1503728545833799
17336	 1503728545851135
26867	 1503728545878002
17304	 1503728545895306
17207	 1503728545912513
17299	 1503728545929812
25756	 1503728545955568
16518	 1503728545972086
18473	 1503728545990559
17663	 1503728546008222
17649	 1503728546025871
18980	 1503728546044851
15787	 1503728546060638
17396	 1503728546078034
17170	 1503728546095204
17226	 1503728546112430
17292	 1503728546129722
17280	 1503728546147002
19277	 1503728546166279
17389	 1503728546183668
17312	 1503728546200980
17330	 1503728546218310
19984	 1503728546238294
16301	 1503728546254595
19014	 1503728546273609
15759	 1503728546289368
17315	 1503728546306683
17297	 1503728546323980
17445	 1503728546341425
18283	 1503728546359708
17284	 1503728546376992
17367	 1503728546394359
17459	 1503728546411818
17276	 1503728546429094
17164	 1503728546446258
17415	 1503728546463673
17278	 1503728546480951
17351	 1503728546498302
17251	 1503728546515553
17236	 1503728546532789
17440	 1503728546550229
17323	 1503728546567552
17345	 1503728546584897
17346	 1503728546602243
17274	 1503728546619517
17348	 1503728546636865
17442	 1503728546654307
17209	 1503728546671516
17330	 1503728546688846
17413	 1503728546706259
17294	 1503728546723553
17302	 1503728546740855
17429	 1503728546758284
17254	 1503728546775538
17285	 1503728546792823
17372	 1503728546810195
17353	 1503728546827548
17228	 1503728546844776
17408	 1503728546862184
17432	 1503728546879616
17266	 1503728546896882
17419	 1503728546914301
17348	 1503728546931649
17305	 1503728546948954
17369	 1503728546966323
17412	 1503728546983735
17403	 1503728547001138
17376	 1503728547018514
17383	 1503728547035897
17246	 1503728547053143
17366	 1503728547070509
17375	 1503728547087884
17463	 1503728547105347
17307	 1503728547122654
17270	 1503728547139924
17398	 1503728547157322
17352	 1503728547174674
17373	 1503728547192047
17336	 1503728547209383
17358	 1503728547226741
17396	 1503728547244137
17396	 1503728547261533
17379	 1503728547278912
17283	 1503728547296195
17362	 1503728547313557
17448	 1503728547331005
17334	 1503728547348339
17364	 1503728547365703
17371	 1503728547383074
17439	 1503728547400513
17274	 1503728547417787
17426	 1503728547435213
17275	 1503728547452488
17478	 1503728547469966
17372	 1503728547487338
17248	 1503728547504586
17425	 1503728547522011
17357	 1503728547539368
17435	 1503728547556803
17333	 1503728547574136
19662	 1503728547593798
17464	 1503728547611262
17337	 1503728547628599
17421	 1503728547646020
17431	 1503728547663451
17395	 1503728547680846
17477	 1503728547698323
17265	 1503728547715588
17439	 1503728547733027
17469	 1503728547750496
17306	 1503728547767802
17332	 1503728547785134
17552	 1503728547802686
17351	 1503728547820037
17371	 1503728547837408
17444	 1503728547854852
17393	 1503728547872245
17274	 1503728547889519
17560	 1503728547907079
17362	 1503728547924441
17425	 1503728547941866
17481	 1503728547959347
17372	 1503728547976719
17440	 1503728547994159
18107	 1503728548012266
16769	 1503728548029035
17351	 1503728548046386
17342	 1503728548063728
17385	 1503728548081113
17538	 1503728548098651
17385	 1503728548116036
23417	 1503728548139453
17265	 1503728548156718
17584	 1503728548174302
17344	 1503728548191646
21645	 1503728548213291
17547	 1503728548230838
22174	 1503728548253012
21981	 1503728548274993
14349	 1503728548289342
17614	 1503728548306956
17420	 1503728548324376
17373	 1503728548341749
17646	 1503728548359395
17396	 1503728548376791
17530	 1503728548394321
17442	 1503728548411763
17458	 1503728548429221
17384	 1503728548446605
18379	 1503728548464984
18944	 1503728548483928
15904	 1503728548499832
17491	 1503728548517323
17523	 1503728548534846
17527	 1503728548552373
17375	 1503728548569748
17617	 1503728548587365
17311	 1503728548604676
17686	 1503728548622362
17371	 1503728548639733
17542	 1503728548657275
17651	 1503728548674926
17307	 1503728548692233
17512	 1503728548709745
17467	 1503728548727212
17393	 1503728548744605
17502	 1503728548762107
17451	 1503728548779558
17555	 1503728548797113
17450	 1503728548814563
20752	 1503728548835315
17331	 1503728548852646
17693	 1503728548870339
17439	 1503728548887778
20409	 1503728548908187
16545	 1503728548924732
17595	 1503728548942327
18021	 1503728548960348
16977	 1503728548977325
17318	 1503728548994643
17451	 1503728549012094
17485	 1503728549029579
17518	 1503728549047097
17493	 1503728549064590
17481	 1503728549082071
17391	 1503728549099462
17485	 1503728549116947
17558	 1503728549134505
17498	 1503728549152003
17378	 1503728549169381
17503	 1503728549186884
17441	 1503728549204325
17474	 1503728549221799
17674	 1503728549239473
17307	 1503728549256780
17590	 1503728549274370
17518	 1503728549291888
17471	 1503728549309359
17530	 1503728549326889
17447	 1503728549344336
17612	 1503728549361948
17366	 1503728549379314
17326	 1503728549396640
17591	 1503728549414231
17572	 1503728549431803
17468	 1503728549449271
17504	 1503728549466775
17526	 1503728549484301
17524	 1503728549501825
17580	 1503728549519405
17297	 1503728549536702
17761	 1503728549554463
17498	 1503728549571961
17360	 1503728549589321
17511	 1503728549606832
17524	 1503728549624356
17393	 1503728549641749
17702	 1503728549659451
17524	 1503728549676975
17497	 1503728549694472
17494	 1503728549711966
17522	 1503728549729488
17538	 1503728549747026
17472	 1503728549764498
17656	 1503728549782154
17422	 1503728549799576
17503	 1503728549817079
17745	 1503728549834824
17423	 1503728549852247
17408	 1503728549869655
17620	 1503728549887275
17418	 1503728549904693
17634	 1503728549922327
17557	 1503728549939884
17542	 1503728549957426
17592	 1503728549975018
17535	 1503728549992553
17584	 1503728550010137
17414	 1503728550027551
17421	 1503728550044972
17548	 1503728550062520
17517	 1503728550080037
17515	 1503728550097552
19611	 1503728550117163
17493	 1503728550134656
17588	 1503728550152244
17567	 1503728550169811
17545	 1503728550187356
17256	 1503728550204612
19736	 1503728550224348
15316	 1503728550239664
18699	 1503728550258363
16346	 1503728550274709
17580	 1503728550292289
17565	 1503728550309854
17664	 1503728550327518
17351	 1503728550344869
17650	 1503728550362519
17529	 1503728550380048
17430	 1503728550397478
17574	 1503728550415052
17506	 1503728550432558
17496	 1503728550450054
17565	 1503728550467619
17504	 1503728550485123
17588	 1503728550502711
17465	 1503728550520176
17560	 1503728550537736
17723	 1503728550555459
17363	 1503728550572822
17556	 1503728550590378
17557	 1503728550607935
17557	 1503728550625492
17510	 1503728550643002
17518	 1503728550660520
17590	 1503728550678110
17443	 1503728550695553
17441	 1503728550712994
17658	 1503728550730652
17502	 1503728550748154
17562	 1503728550765716
17516	 1503728550783232
17513	 1503728550800745
17687	 1503728550818432
17450	 1503728550835882
17532	 1503728550853414
17541	 1503728550870955
17464	 1503728550888419
17485	 1503728550905904
17654	 1503728550923558
17514	 1503728550941072
17506	 1503728550958578
17574	 1503728550976152
17475	 1503728550993627
17758	 1503728551011385
17417	 1503728551028802
17530	 1503728551046332
17471	 1503728551063803
17590	 1503728551081393
17577	 1503728551098970
17366	 1503728551116336
17616	 1503728551133952
17647	 1503728551151599
17369	 1503728551168968
17741	 1503728551186709
17582	 1503728551204291
17556	 1503728551221847
17547	 1503728551239394
17533	 1503728551256927
17621	 1503728551274548
17565	 1503728551292113
17569	 1503728551309682
17623	 1503728551327305
17784	 1503728551345089
