# /lscratch1/kbferre/app-traces/mutrino/miniFE/128/rank-000.txt
 delta	 tstmp
375	 1501354915099576
16	 1501354915099592
93	 1501354915099685
41	 1501354915099726
78966	 1501354915178692
47195	 1501354915225887
21040246	 1501354936266133
31835816	 1501354968101949
14429725	 1501354982531674
75260	 1501354982606934
9857	 1501354982616791
42	 1501354982616833
579546	 1501354983196379
485276	 1501354983681655
73063	 1501354983754718
451491	 1501354984206209
73355	 1501354984279564
453331	 1501354984732895
71785	 1501354984804680
451938	 1501354985256618
74673	 1501354985331291
454167	 1501354985785458
71619	 1501354985857077
451728	 1501354986308805
74454	 1501354986383259
453604	 1501354986836863
71899	 1501354986908762
452930	 1501354987361692
73498	 1501354987435190
454309	 1501354987889499
71721	 1501354987961220
453501	 1501354988414721
72927	 1501354988487648
454168	 1501354988941816
71903	 1501354989013719
452903	 1501354989466622
73944	 1501354989540566
452870	 1501354989993436
73086	 1501354990066522
453122	 1501354990519644
72074	 1501354990591718
453389	 1501354991045107
72862	 1501354991117969
453394	 1501354991571363
73348	 1501354991644711
450706	 1501354992095417
75092	 1501354992170509
450819	 1501354992621328
74448	 1501354992695776
450036	 1501354993145812
76176	 1501354993221988
453936	 1501354993675924
72113	 1501354993748037
450743	 1501354994198780
75112	 1501354994273892
454391	 1501354994728283
71795	 1501354994800078
451530	 1501354995251608
75098	 1501354995326706
453652	 1501354995780358
72045	 1501354995852403
450896	 1501354996303299
75400	 1501354996378699
453469	 1501354996832168
72302	 1501354996904470
452651	 1501354997357121
73486	 1501354997430607
454485	 1501354997885092
71303	 1501354997956395
453031	 1501354998409426
73613	 1501354998483039
454195	 1501354998937234
71139	 1501354999008373
453896	 1501354999462269
72843	 1501354999535112
452947	 1501354999988059
72768	 1501355000060827
452970	 1501355000513797
72966	 1501355000586763
453147	 1501355001039910
72824	 1501355001112734
453667	 1501355001566401
72566	 1501355001638967
452015	 1501355002090982
74085	 1501355002165067
453548	 1501355002618615
73315	 1501355002691930
452327	 1501355003144257
73220	 1501355003217477
455829	 1501355003673306
70377	 1501355003743683
450719	 1501355004194402
76271	 1501355004270673
455874	 1501355004726547
70089	 1501355004796636
449513	 1501355005246149
77825	 1501355005323974
455012	 1501355005778986
70186	 1501355005849172
450161	 1501355006299333
76378	 1501355006375711
454479	 1501355006830190
71011	 1501355006901201
451685	 1501355007352886
75026	 1501355007427912
455645	 1501355007883557
70305	 1501355007953862
452574	 1501355008406436
75042	 1501355008481478
453283	 1501355008934761
71510	 1501355009006271
452026	 1501355009458297
75698	 1501355009533995
452456	 1501355009986451
72930	 1501355010059381
451750	 1501355010511131
74157	 1501355010585288
453459	 1501355011038747
72726	 1501355011111473
453175	 1501355011564648
72304	 1501355011636952
452147	 1501355012089099
74431	 1501355012163530
454192	 1501355012617722
72069	 1501355012689791
449781	 1501355013139572
75830	 1501355013215402
456714	 1501355013672116
70208	 1501355013742324
461916	 1501355014204240
68873	 1501355014273113
457847	 1501355014730960
69258	 1501355014800218
449944	 1501355015250162
76778	 1501355015326940
455394	 1501355015782334
70266	 1501355015852600
449833	 1501355016302433
76207	 1501355016378640
453601	 1501355016832241
71813	 1501355016904054
451466	 1501355017355520
74429	 1501355017429949
455089	 1501355017885038
71237	 1501355017956275
451652	 1501355018407927
74738	 1501355018482665
454974	 1501355018937639
71010	 1501355019008649
451652	 1501355019460301
74916	 1501355019535217
453514	 1501355019988731
72191	 1501355020060922
451700	 1501355020512622
90446	 1501355020603068
454939	 1501355021058007
71271	 1501355021129278
452854	 1501355021582132
74733	 1501355021656865
452352	 1501355022109217
72518	 1501355022181735
452567	 1501355022634302
74931	 1501355022709233
451865	 1501355023161098
73107	 1501355023234205
454775	 1501355023688980
71541	 1501355023760521
451074	 1501355024211595
75534	 1501355024287129
453772	 1501355024740901
73046	 1501355024813947
449876	 1501355025263823
75899	 1501355025339722
453941	 1501355025793663
72266	 1501355025865929
449991	 1501355026315920
76345	 1501355026392265
454016	 1501355026846281
71425	 1501355026917706
451928	 1501355027369634
74363	 1501355027443997
455227	 1501355027899224
70641	 1501355027969865
451703	 1501355028421568
74635	 1501355028496203
456158	 1501355028952361
69657	 1501355029022018
451927	 1501355029473945
74622	 1501355029548567
454140	 1501355030002707
71368	 1501355030074075
452344	 1501355030526419
74060	 1501355030600479
454796	 1501355031055275
71554	 1501355031126829
452372	 1501355031579201
74755	 1501355031653956
451655	 1501355032105611
73955	 1501355032179566
452405	 1501355032631971
74811	 1501355032706782
450955	 1501355033157737
74340	 1501355033232077
454460	 1501355033686537
71650	 1501355033758187
451147	 1501355034209334
75253	 1501355034284587
453468	 1501355034738055
72036	 1501355034810091
451616	 1501355035261707
75271	 1501355035336978
454867	 1501355035791845
71046	 1501355035862891
452741	 1501355036315632
73508	 1501355036389140
453645	 1501355036842785
72033	 1501355036914818
453571	 1501355037368389
72881	 1501355037441270
454345	 1501355037895615
71812	 1501355037967427
452837	 1501355038420264
73370	 1501355038493634
454028	 1501355038947662
72340	 1501355039020002
453465	 1501355039473467
72848	 1501355039546315
453098	 1501355039999413
72787	 1501355040072200
452801	 1501355040525001
73113	 1501355040598114
453309	 1501355041051423
74250	 1501355041125673
450935	 1501355041576608
74932	 1501355041651540
450757	 1501355042102297
74376	 1501355042176673
452769	 1501355042629442
74201	 1501355042703643
452038	 1501355043155681
73286	 1501355043228967
454332	 1501355043683299
72417	 1501355043755716
451677	 1501355044207393
74675	 1501355044282068
453858	 1501355044735926
72189	 1501355044808115
451545	 1501355045259660
75371	 1501355045335031
453979	 1501355045789010
71343	 1501355045860353
451516	 1501355046311869
74759	 1501355046386628
453480	 1501355046840108
71919	 1501355046912027
452597	 1501355047364624
73272	 1501355047437896
454626	 1501355047892522
71337	 1501355047963859
452584	 1501355048416443
73283	 1501355048489726
453928	 1501355048943654
72341	 1501355049015995
452719	 1501355049468714
73268	 1501355049541982
453098	 1501355049995080
72686	 1501355050067766
453921	 1501355050521687
71814	 1501355050593501
453375	 1501355051046876
73150	 1501355051120026
453393	 1501355051573419
73085	 1501355051646504
451332	 1501355052097836
74356	 1501355052172192
453380	 1501355052625572
73183	 1501355052698755
450097	 1501355053148852
75823	 1501355053224675
456378	 1501355053681053
70720	 1501355053751773
449158	 1501355054200931
76575	 1501355054277506
455093	 1501355054732599
70606	 1501355054803205
450154	 1501355055253359
76615	 1501355055329974
454873	 1501355055784847
71529	 1501355055856376
450035	 1501355056306411
75633	 1501355056382044
455610	 1501355056837654
70595	 1501355056908249
451518	 1501355057359767
74917	 1501355057434684
453399	 1501355057888083
71718	 1501355057959801
451392	 1501355058411193
74444	 1501355058485637
454111	 1501355058939748
71912	 1501355059011660
452409	 1501355059464069
73480	 1501355059537549
452907	 1501355059990456
72741	 1501355060063197
452875	 1501355060516072
72732	 1501355060588804
453230	 1501355061042034
73173	 1501355061115207
453667	 1501355061568874
72629	 1501355061641503
451885	 1501355062093388
74453	 1501355062167841
453569	 1501355062621410
72559	 1501355062693969
452498	 1501355063146467
73461	 1501355063219928
456694	 1501355063676622
69460	 1501355063746082
449780	 1501355064195862
76706	 1501355064272568
455606	 1501355064728174
70633	 1501355064798807
450442	 1501355065249249
77330	 1501355065326579
455238	 1501355065781817
70617	 1501355065852434
449662	 1501355066302096
75998	 1501355066378094
454633	 1501355066832727
71279	 1501355066904006
451872	 1501355067355878
74794	 1501355067430672
456136	 1501355067886808
69828	 1501355067956636
451396	 1501355068408032
75072	 1501355068483104
454833	 1501355068937937
70908	 1501355069008845
451669	 1501355069460514
75154	 1501355069535668
453364	 1501355069989032
72407	 1501355070061439
451963	 1501355070513402
74614	 1501355070588016
454481	 1501355071042497
71807	 1501355071114304
452597	 1501355071566901
73999	 1501355071640900
452426	 1501355072093326
73855	 1501355072167181
452222	 1501355072619403
73686	 1501355072693089
450945	 1501355073144034
75150	 1501355073219184
454700	 1501355073673884
72631	 1501355073746515
448816	 1501355074195331
77040	 1501355074272371
453806	 1501355074726177
71713	 1501355074797890
450135	 1501355075248025
77211	 1501355075325236
454645	 1501355075779881
70609	 1501355075850490
450156	 1501355076300646
75978	 1501355076376624
454895	 1501355076831519
70682	 1501355076902201
451649	 1501355077353850
74689	 1501355077428539
455826	 1501355077884365
70412	 1501355077954777
452196	 1501355078406973
74011	 1501355078480984
455804	 1501355078936788
70380	 1501355079007168
451829	 1501355079458997
75112	 1501355079534109
454177	 1501355079988286
71779	 1501355080060065
451581	 1501355080511646
74103	 1501355080585749
454128	 1501355081039877
72104	 1501355081111981
452407	 1501355081564388
73563	 1501355081637951
453324	 1501355082091275
73300	 1501355082164575
452454	 1501355082617029
74261	 1501355082691290
453326	 1501355083144616
72357	 1501355083216973
453894	 1501355083670867
72190	 1501355083743057
450891	 1501355084193948
75707	 1501355084269655
454350	 1501355084724005
71511	 1501355084795516
451476	 1501355085246992
75362	 1501355085322354
453893	 1501355085776247
71817	 1501355085848064
451626	 1501355086299690
74724	 1501355086374414
453539	 1501355086827953
72030	 1501355086899983
452766	 1501355087352749
73962	 1501355087426711
454274	 1501355087880985
71625	 1501355087952610
453222	 1501355088405832
